0 0.471715 0.688232 0.224453 0.038574
0 0.489051 0.643555 0.218978 0.035156
0 0.507299 0.596191 0.186131 0.033203
0 0.515511 0.554199 0.180657 0.036133
0 0.501825 0.512939 0.182482 0.035645
0 0.479927 0.476318 0.171533 0.036621
0 0.462591 0.441650 0.162409 0.033691
0 0.448905 0.408936 0.156934 0.029785
0 0.437956 0.380127 0.138686 0.024902
0 0.433394 0.351807 0.129562 0.020996
0 0.443431 0.324707 0.142336 0.023438
0 0.461679 0.295410 0.138686 0.025391
0 0.480839 0.274902 0.114964 0.018555
0 0.503650 0.254395 0.120438 0.020508
0 0.513686 0.231934 0.122263 0.018555
0 0.513686 0.214600 0.136861 0.017090
0 0.510949 0.190674 0.142336 0.020020
0 0.508212 0.167725 0.151460 0.018066
0 0.506387 0.143799 0.147810 0.016113
1 0.485401 0.422852 0.328467 0.587891
