0 0.571116 0.771240 0.323851 0.045410
0 0.597374 0.719482 0.288840 0.041504
0 0.591904 0.670410 0.269147 0.038086
0 0.564551 0.621582 0.288840 0.040039
0 0.561269 0.576904 0.229759 0.034668
0 0.554705 0.537598 0.242888 0.031250
0 0.540481 0.498779 0.218818 0.029785
0 0.542670 0.462158 0.205689 0.026855
0 0.548140 0.429688 0.199125 0.030273
0 0.554705 0.395508 0.194748 0.028320
0 0.552516 0.364990 0.172867 0.022949
0 0.568928 0.335938 0.170678 0.023438
0 0.574398 0.308105 0.155361 0.018555
0 0.571116 0.273193 0.188184 0.021973
0 0.559081 0.244873 0.185996 0.022949
0 0.563457 0.220459 0.194748 0.020020
0 0.560175 0.194580 0.183807 0.019043
0 0.548140 0.169189 0.177243 0.019043
1 0.573304 0.476318 0.433260 0.651855
