0 0.482213 0.648999 0.152833 0.038593
0 0.467721 0.694187 0.163373 0.030288
0 0.494730 0.605276 0.146245 0.035173
0 0.515810 0.563996 0.140975 0.038593
0 0.522398 0.524426 0.140975 0.032731
0 0.525033 0.487054 0.127800 0.032242
0 0.529644 0.451637 0.113307 0.025892
0 0.530962 0.420616 0.110672 0.025403
0 0.526350 0.389839 0.104084 0.023449
0 0.521739 0.361993 0.105402 0.018564
0 0.513834 0.333170 0.092227 0.025403
0 0.505929 0.307279 0.092227 0.023449
0 0.484190 0.281387 0.088274 0.027357
0 0.463768 0.256717 0.100132 0.024915
0 0.442029 0.232047 0.104084 0.028334
0 0.422925 0.204201 0.110672 0.020518
0 0.413702 0.179043 0.108037 0.018075
0 0.407115 0.157059 0.092227 0.018075
1 0.480237 0.431851 0.314888 0.584270
