0 0.530405 0.500732 0.141892 0.031738
0 0.521622 0.467529 0.121622 0.031738
0 0.506757 0.435303 0.116216 0.029785
0 0.539865 0.537109 0.147297 0.034180
0 0.546622 0.575439 0.144595 0.033691
0 0.551351 0.616943 0.154054 0.032715
0 0.537162 0.660156 0.168919 0.040039
0 0.514189 0.702637 0.177027 0.046875
0 0.485135 0.290283 0.091892 0.023926
0 0.477027 0.319092 0.097297 0.022949
0 0.482432 0.348633 0.102703 0.026367
0 0.488514 0.377686 0.109459 0.028809
0 0.492568 0.236572 0.104054 0.020996
0 0.486486 0.263672 0.100000 0.025391
0 0.490541 0.208496 0.100000 0.022461
0 0.491892 0.184326 0.102703 0.018066
0 0.489865 0.162598 0.098649 0.018555
0 0.483784 0.140381 0.100000 0.017090
0 0.481757 0.116943 0.093243 0.018066
0 0.502703 0.406738 0.102703 0.029297
1 0.520946 0.415771 0.258108 0.642090
