0 0.518607 0.498535 0.211285 0.056641
0 0.545018 0.555664 0.220888 0.067383
0 0.588235 0.614014 0.237695 0.075684
0 0.620048 0.838867 0.258103 0.080078
0 0.557623 0.919678 0.289316 0.103027
0 0.501200 0.136719 0.150060 0.042969
0 0.503001 0.186035 0.141657 0.042969
0 0.504802 0.233887 0.135654 0.041992
0 0.491597 0.284912 0.154862 0.047363
0 0.484394 0.335938 0.147659 0.046875
0 0.478992 0.386963 0.146459 0.048340
0 0.496999 0.438721 0.172869 0.052246
0 0.498800 0.089111 0.152461 0.042480
0 0.493998 0.040283 0.157263 0.043457
0 0.486795 0.008057 0.147659 0.016113
1 0.519808 0.500000 0.581032 1.000000
0 0.621849 0.684570 0.247299 0.068359
0 0.651261 0.758301 0.226891 0.060547
