0 0.527903 0.708008 0.174962 0.042969
0 0.484163 0.662598 0.190045 0.046875
0 0.455505 0.620361 0.162896 0.034668
0 0.445701 0.580566 0.161388 0.030273
0 0.445701 0.541748 0.146305 0.027832
0 0.470588 0.506592 0.147813 0.031738
0 0.484163 0.474365 0.129713 0.028809
0 0.487179 0.442139 0.117647 0.023926
0 0.485671 0.410889 0.111614 0.026855
0 0.476621 0.381104 0.111614 0.026855
0 0.460784 0.352051 0.104072 0.024414
0 0.456259 0.324707 0.092006 0.018555
0 0.453997 0.294434 0.087481 0.021484
0 0.453243 0.268555 0.088989 0.017578
0 0.452489 0.243164 0.096531 0.019531
0 0.451735 0.219482 0.107089 0.019043
0 0.461538 0.195801 0.111614 0.020508
0 0.459276 0.170654 0.107089 0.013184
1 0.491704 0.447510 0.355958 0.593262
