0 0.519674 0.724609 0.179104 0.041992
0 0.547490 0.677002 0.161465 0.043457
0 0.554953 0.630127 0.149254 0.034668
0 0.552239 0.587402 0.138399 0.036133
0 0.554953 0.545898 0.130258 0.034180
0 0.537313 0.511230 0.138399 0.033203
0 0.533243 0.478271 0.108548 0.029785
0 0.522388 0.443848 0.103121 0.026367
0 0.522388 0.415771 0.092266 0.023926
0 0.516961 0.388184 0.086839 0.023438
0 0.520353 0.359375 0.096336 0.024414
0 0.528494 0.331055 0.085482 0.020508
0 0.535278 0.305420 0.077341 0.021973
0 0.536635 0.279297 0.085482 0.023438
0 0.542062 0.254883 0.093623 0.022461
0 0.546133 0.232910 0.101764 0.023438
0 0.537992 0.207764 0.104478 0.022949
1 0.522388 0.478271 0.350068 0.582520
