0 0.472097 0.708008 0.174962 0.042969
0 0.515837 0.662598 0.190045 0.046875
0 0.544495 0.620361 0.162896 0.034668
0 0.554299 0.580566 0.161388 0.030273
0 0.554299 0.541748 0.146305 0.027832
0 0.529412 0.506592 0.147813 0.031738
0 0.515837 0.474365 0.129713 0.028809
0 0.512821 0.442139 0.117647 0.023926
0 0.514329 0.410889 0.111614 0.026855
0 0.523379 0.381104 0.111614 0.026855
0 0.539216 0.352051 0.104072 0.024414
0 0.543741 0.324707 0.092006 0.018555
0 0.546003 0.294434 0.087481 0.021484
0 0.546757 0.268555 0.088989 0.017578
0 0.547511 0.243164 0.096531 0.019531
0 0.548265 0.219482 0.107089 0.019043
0 0.538462 0.195801 0.111614 0.020508
0 0.540724 0.170654 0.107089 0.013184
1 0.508296 0.447510 0.355958 0.593262
