0 0.495804 0.717880 0.152448 0.035662
0 0.499301 0.672203 0.153846 0.034196
0 0.511189 0.629213 0.149650 0.035173
0 0.514685 0.589155 0.156643 0.026380
0 0.522378 0.551539 0.144056 0.028334
0 0.529371 0.517098 0.138462 0.031754
0 0.537762 0.484123 0.118881 0.028334
0 0.544056 0.452614 0.123077 0.027846
0 0.539860 0.419638 0.109091 0.025403
0 0.539860 0.391060 0.106294 0.025892
0 0.537063 0.364191 0.117483 0.026869
0 0.523077 0.338544 0.092308 0.021495
0 0.509790 0.316317 0.088112 0.020029
0 0.499301 0.295066 0.078322 0.018564
0 0.490909 0.273571 0.089510 0.021495
0 0.481818 0.249878 0.102098 0.021006
0 0.485315 0.229116 0.103497 0.017587
0 0.467133 0.205667 0.092308 0.018564
1 0.496503 0.464827 0.251748 0.550562
