0 0.532151 0.710938 0.270510 0.037109
0 0.531042 0.666748 0.259424 0.034668
0 0.508869 0.627930 0.259424 0.036133
0 0.493348 0.588867 0.259424 0.038086
0 0.473392 0.549561 0.250554 0.036621
0 0.462306 0.513184 0.232816 0.033203
0 0.456763 0.479492 0.203991 0.029297
0 0.441242 0.448242 0.212860 0.024414
0 0.441242 0.417725 0.177384 0.025879
0 0.435698 0.388672 0.170732 0.026367
0 0.435698 0.358154 0.152993 0.022949
0 0.453437 0.331543 0.166297 0.025391
0 0.458980 0.304688 0.181818 0.020508
0 0.474501 0.279053 0.150776 0.022949
0 0.484479 0.254150 0.152993 0.020020
0 0.492239 0.230957 0.159645 0.023438
0 0.500000 0.209473 0.148559 0.019531
0 0.503326 0.190430 0.150776 0.017578
1 0.506652 0.454834 0.458980 0.567871
