0 0.582603 0.667969 0.156446 0.044922
0 0.607635 0.621826 0.133917 0.038574
0 0.606383 0.578369 0.128911 0.032715
0 0.616395 0.541748 0.123905 0.024902
0 0.614518 0.509766 0.112641 0.027344
0 0.608260 0.477051 0.110138 0.028320
0 0.595119 0.446533 0.101377 0.023926
0 0.588861 0.417725 0.108886 0.025879
0 0.573842 0.387695 0.093867 0.025391
0 0.567584 0.360352 0.088861 0.023438
0 0.571339 0.330322 0.091364 0.024902
0 0.560701 0.299072 0.090113 0.020996
0 0.556320 0.274902 0.088861 0.019531
0 0.564456 0.248291 0.100125 0.023926
0 0.565081 0.225586 0.098874 0.021484
0 0.570713 0.199219 0.102628 0.020508
1 0.557572 0.445312 0.301627 0.530273
