0 0.475610 0.677490 0.209756 0.043457
0 0.459350 0.630371 0.200000 0.041992
0 0.429268 0.587646 0.211382 0.045410
0 0.419512 0.548828 0.204878 0.038086
0 0.402439 0.510498 0.170732 0.032715
0 0.393496 0.476074 0.143089 0.026367
0 0.407317 0.445068 0.147967 0.025879
0 0.433333 0.415283 0.157724 0.031738
0 0.458537 0.390137 0.133333 0.027344
0 0.490244 0.366211 0.141463 0.030273
0 0.515447 0.342041 0.136585 0.029785
0 0.537398 0.317139 0.131707 0.024902
0 0.547154 0.290527 0.125203 0.021484
0 0.548780 0.264893 0.112195 0.023926
0 0.544715 0.239258 0.123577 0.021484
0 0.539837 0.215820 0.136585 0.022461
1 0.465854 0.452881 0.401626 0.513184
