0 0.474280 0.655273 0.228395 0.034180
0 0.465021 0.607910 0.238683 0.039062
0 0.448560 0.564453 0.213992 0.037109
0 0.432099 0.526611 0.226337 0.035645
0 0.414609 0.490234 0.240741 0.038086
0 0.394033 0.456055 0.207819 0.033203
0 0.368313 0.420166 0.193416 0.029785
0 0.369342 0.386230 0.162551 0.022461
0 0.393004 0.355469 0.160494 0.025391
0 0.399177 0.327881 0.148148 0.025879
0 0.421811 0.300293 0.135802 0.023438
0 0.446502 0.269043 0.139918 0.018555
0 0.456790 0.241211 0.119342 0.019531
0 0.463992 0.213135 0.146091 0.017090
0 0.461934 0.187012 0.133745 0.017578
0 0.470165 0.157959 0.146091 0.016113
0 0.483539 0.137939 0.144033 0.017090
1 0.425926 0.408203 0.456790 0.562500
