0 0.472222 0.825195 0.161376 0.039062
0 0.468254 0.775146 0.158730 0.038574
0 0.467593 0.726074 0.149471 0.037109
0 0.461640 0.682129 0.140212 0.039062
0 0.456349 0.632568 0.129630 0.040527
0 0.450397 0.592529 0.120370 0.029785
0 0.453042 0.555908 0.120370 0.024902
0 0.453042 0.521973 0.112434 0.024414
0 0.457672 0.489014 0.103175 0.021973
0 0.466270 0.456055 0.101852 0.021484
0 0.468254 0.424561 0.092593 0.024902
0 0.472884 0.394531 0.099206 0.024414
0 0.465608 0.366211 0.089947 0.023438
0 0.462302 0.337891 0.088624 0.022461
0 0.463624 0.311523 0.091270 0.019531
0 0.465608 0.285400 0.097884 0.017090
0 0.470238 0.261475 0.088624 0.017090
0 0.470238 0.235840 0.096561 0.017578
0 0.474868 0.215576 0.087302 0.016113
2 0.478175 0.521729 0.279101 0.681152
