0 0.484808 0.748168 0.147952 0.034685
0 0.510568 0.705178 0.183620 0.038593
0 0.529723 0.664143 0.163804 0.031754
0 0.533025 0.622618 0.149273 0.033708
0 0.533025 0.582560 0.138705 0.036639
0 0.507926 0.547631 0.128137 0.029311
0 0.509247 0.514656 0.117569 0.027846
0 0.502642 0.481925 0.122853 0.026869
0 0.511229 0.453835 0.118890 0.021495
0 0.525099 0.422570 0.120211 0.024426
0 0.531704 0.398876 0.114927 0.019052
0 0.546896 0.369565 0.092470 0.024915
0 0.560106 0.343674 0.089828 0.022960
0 0.560766 0.315340 0.104359 0.021006
0 0.566050 0.292868 0.101717 0.019052
0 0.551519 0.266976 0.104359 0.019052
0 0.550859 0.244016 0.110964 0.020029
1 0.519155 0.502931 0.327609 0.550562
