0 0.488208 0.725342 0.190252 0.031738
0 0.501572 0.681152 0.166667 0.026367
0 0.509434 0.636963 0.166667 0.028809
0 0.511006 0.592285 0.157233 0.033203
0 0.496069 0.549561 0.152516 0.035645
0 0.480346 0.510742 0.155660 0.033203
0 0.462264 0.474365 0.138365 0.032715
0 0.452044 0.441406 0.136792 0.031250
0 0.443396 0.410156 0.122642 0.026367
0 0.441038 0.381592 0.114780 0.025879
0 0.444969 0.353027 0.122642 0.021484
0 0.471698 0.324707 0.106918 0.025391
0 0.495283 0.302002 0.113208 0.025879
0 0.508648 0.274170 0.111635 0.018066
0 0.512579 0.248047 0.103774 0.020508
0 0.513365 0.220215 0.127358 0.017578
0 0.505503 0.195068 0.143082 0.019043
0 0.502358 0.167725 0.124214 0.017090
1 0.497642 0.449219 0.325472 0.595703
