0 0.457875 0.667513 0.249084 0.051777
0 0.496337 0.615228 0.223443 0.042640
0 0.516484 0.569543 0.219780 0.040609
0 0.518315 0.523350 0.208791 0.039594
0 0.492674 0.479695 0.201465 0.037563
0 0.474359 0.443147 0.186813 0.035533
0 0.448718 0.406091 0.179487 0.032487
0 0.441392 0.369036 0.172161 0.027411
0 0.437729 0.336548 0.164835 0.029442
0 0.434066 0.304061 0.179487 0.029442
0 0.465201 0.274619 0.146520 0.029442
0 0.487179 0.247716 0.139194 0.028426
0 0.507326 0.220305 0.135531 0.026396
0 0.510989 0.195431 0.135531 0.023350
0 0.525641 0.164975 0.135531 0.027411
0 0.545788 0.134010 0.139194 0.024365
1 0.483516 0.410660 0.454212 0.597970
