0 0.505725 0.724609 0.202290 0.034180
0 0.541985 0.682129 0.221374 0.032227
0 0.550573 0.643066 0.185115 0.031250
0 0.558206 0.604004 0.192748 0.028320
0 0.554389 0.567871 0.185115 0.030273
0 0.546756 0.531494 0.162214 0.027832
0 0.520992 0.500977 0.160305 0.028320
0 0.499046 0.472168 0.143130 0.027344
0 0.488550 0.446045 0.164122 0.024902
0 0.480916 0.417236 0.152672 0.023926
0 0.491412 0.389648 0.127863 0.023438
0 0.490458 0.364990 0.141221 0.018066
0 0.503817 0.344238 0.118321 0.019531
0 0.515267 0.322754 0.125954 0.019531
0 0.537214 0.299805 0.120229 0.019531
0 0.547710 0.274414 0.125954 0.017578
1 0.536260 0.505371 0.412214 0.499023
