0 0.288991 0.655273 0.119266 0.041016
0 0.322821 0.613281 0.127294 0.043945
0 0.372133 0.573730 0.115826 0.050781
0 0.438647 0.544189 0.118119 0.048340
0 0.502294 0.517578 0.110092 0.047852
0 0.560780 0.492432 0.098624 0.045410
0 0.607798 0.464355 0.103211 0.045898
0 0.651376 0.437500 0.103211 0.038086
0 0.669725 0.412354 0.091743 0.038574
0 0.687500 0.387939 0.088303 0.033691
0 0.699541 0.360840 0.080275 0.025391
0 0.708142 0.336426 0.086009 0.028320
0 0.717317 0.309326 0.095183 0.029785
0 0.740826 0.286621 0.103211 0.030273
0 0.759748 0.260254 0.095183 0.030273
1 0.516628 0.461670 0.652523 0.450684
