0 0.535915 0.721299 0.176056 0.044455
0 0.573239 0.674402 0.171831 0.044455
0 0.588028 0.631656 0.161972 0.036150
0 0.573944 0.590865 0.167606 0.039570
0 0.532394 0.557890 0.177465 0.042013
0 0.474648 0.530532 0.152113 0.041036
0 0.429577 0.497802 0.135211 0.039082
0 0.458451 0.458964 0.161972 0.028823
0 0.503521 0.429897 0.167606 0.031265
0 0.540141 0.403517 0.147887 0.029311
0 0.568310 0.375916 0.128169 0.027846
0 0.580282 0.350269 0.123944 0.024426
0 0.580282 0.320469 0.115493 0.026380
0 0.578873 0.294577 0.109859 0.023449
0 0.573239 0.268930 0.118310 0.023937
1 0.519718 0.505374 0.385915 0.511480
