0 0.445047 0.572301 0.227951 0.060088
0 0.466079 0.513434 0.199457 0.055691
0 0.474898 0.457743 0.198100 0.049829
0 0.472863 0.406448 0.169607 0.044944
0 0.475577 0.354177 0.172320 0.047875
0 0.489145 0.306302 0.161465 0.043967
0 0.493894 0.260137 0.154681 0.045432
0 0.491859 0.216414 0.147897 0.038105
0 0.502714 0.170738 0.164179 0.040547
0 0.516961 0.035418 0.162822 0.038593
0 0.518318 0.079629 0.176391 0.040059
0 0.513569 0.125794 0.169607 0.040547
0 0.417232 0.637274 0.248304 0.060088
0 0.388060 0.705178 0.257802 0.063019
0 0.400950 0.782364 0.267300 0.069858
0 0.451153 0.860772 0.305292 0.083048
0 0.537992 0.936981 0.348711 0.102589
1 0.540027 0.500000 0.629579 1.000000
