0 0.555633 0.682861 0.143255 0.033691
0 0.576495 0.645508 0.140473 0.033203
0 0.585535 0.604004 0.130737 0.026367
0 0.583449 0.568115 0.132128 0.033691
0 0.560501 0.533691 0.122392 0.031250
0 0.543811 0.504883 0.119611 0.034180
0 0.517385 0.478516 0.114047 0.027344
0 0.496523 0.453369 0.094576 0.023926
0 0.495132 0.428711 0.080668 0.021484
0 0.493741 0.404053 0.077886 0.019043
0 0.508345 0.379395 0.087622 0.022461
0 0.522253 0.357666 0.095967 0.025879
0 0.536857 0.334961 0.094576 0.021484
0 0.551460 0.314209 0.095967 0.017090
0 0.561892 0.289307 0.091794 0.019043
0 0.569541 0.267334 0.095967 0.016113
0 0.568846 0.250488 0.080668 0.015625
1 0.550765 0.473389 0.264256 0.476074
