0 0.260759 0.500489 0.225316 0.077675
0 0.322152 0.560088 0.239241 0.077675
0 0.428481 0.615535 0.254430 0.079140
0 0.504430 0.676600 0.274684 0.086957
0 0.218354 0.440645 0.224051 0.068393
0 0.189873 0.383732 0.205063 0.053249
0 0.568354 0.744260 0.263291 0.075721
0 0.609494 0.816317 0.267089 0.075232
0 0.622152 0.893991 0.251899 0.072301
0 0.189241 0.331949 0.186076 0.039570
0 0.198101 0.288959 0.201266 0.044455
0 0.222152 0.246458 0.203797 0.055203
0 0.281646 0.214949 0.170886 0.052760
0 0.410127 0.163898 0.189873 0.066927
0 0.338608 0.187592 0.168354 0.055691
0 0.476582 0.130435 0.183544 0.054714
0 0.525316 0.096238 0.172152 0.050806
0 0.547468 0.056913 0.153165 0.045432
0 0.558228 0.019052 0.151899 0.038105
1 0.453165 0.500000 0.827848 1.000000
0 0.637342 0.965315 0.279747 0.061553
