0 0.619048 0.739502 0.150987 0.042480
0 0.632404 0.697021 0.145180 0.032715
0 0.644599 0.655518 0.132404 0.029785
0 0.641696 0.614990 0.117305 0.025879
0 0.642276 0.579102 0.118467 0.022461
0 0.637050 0.546143 0.105691 0.024902
0 0.634146 0.516602 0.106852 0.020508
0 0.623113 0.488770 0.101045 0.024414
0 0.621951 0.460693 0.091754 0.020020
0 0.608014 0.433105 0.084785 0.020508
0 0.601626 0.407227 0.090592 0.021484
0 0.595819 0.379395 0.092915 0.025391
0 0.587108 0.353516 0.094077 0.021484
0 0.585366 0.329834 0.092915 0.017090
0 0.580139 0.304199 0.103368 0.020508
0 0.576074 0.280518 0.109175 0.018066
0 0.575494 0.261475 0.105691 0.013184
1 0.615563 0.508057 0.232288 0.520996
