0 0.462133 0.631168 0.185471 0.048852
0 0.441267 0.584025 0.183926 0.043478
0 0.420402 0.534685 0.163833 0.032731
0 0.411128 0.488276 0.154560 0.030777
0 0.425039 0.446996 0.163833 0.035173
0 0.432767 0.408403 0.151468 0.034196
0 0.445131 0.370054 0.139104 0.028823
0 0.442040 0.336346 0.129830 0.024915
0 0.440495 0.302638 0.136012 0.027846
0 0.442040 0.272106 0.132921 0.024426
0 0.428903 0.241573 0.128284 0.021006
0 0.416538 0.211529 0.119011 0.023449
0 0.416538 0.184416 0.131376 0.020029
0 0.411901 0.155594 0.122102 0.021983
0 0.393354 0.128969 0.140649 0.022472
0 0.387944 0.103078 0.129830 0.019541
0 0.386399 0.076209 0.126739 0.021495
0 0.380989 0.054226 0.122102 0.016610
1 0.428130 0.356131 0.330757 0.631168
