0 0.370775 0.684593 0.129225 0.037791
0 0.379722 0.633236 0.131213 0.041667
0 0.402584 0.583333 0.125249 0.046512
0 0.435388 0.541182 0.119284 0.043605
0 0.461233 0.500969 0.111332 0.046512
0 0.484095 0.461240 0.101392 0.040698
0 0.509940 0.421512 0.093439 0.034884
0 0.512922 0.386628 0.075547 0.029070
0 0.521869 0.352229 0.089463 0.026163
0 0.532803 0.319283 0.075547 0.028101
0 0.536779 0.287791 0.071571 0.029070
0 0.541750 0.259205 0.065606 0.024225
0 0.543738 0.227713 0.061630 0.023256
0 0.542744 0.195252 0.067594 0.026163
0 0.544732 0.165698 0.067594 0.027132
0 0.536779 0.140988 0.067594 0.024225
0 0.532803 0.114826 0.075547 0.022287
0 0.532803 0.090116 0.071571 0.021318
0 0.520875 0.067345 0.075547 0.018411
1 0.441352 0.384690 0.322068 0.666667
