0 0.387906 0.706543 0.200590 0.039062
0 0.405605 0.656982 0.191740 0.032715
0 0.419617 0.612305 0.190265 0.035156
0 0.406342 0.570068 0.175516 0.036621
0 0.393068 0.529297 0.166667 0.034180
0 0.390118 0.498779 0.157817 0.030762
0 0.366519 0.466064 0.148968 0.031738
0 0.343658 0.430664 0.132743 0.031250
0 0.331121 0.398438 0.134218 0.027344
0 0.329646 0.367676 0.143068 0.028320
0 0.373156 0.337891 0.120944 0.031250
0 0.401180 0.312988 0.132743 0.034180
0 0.424041 0.289062 0.119469 0.031250
0 0.466077 0.263184 0.117994 0.024414
0 0.472714 0.238525 0.113569 0.023926
0 0.473451 0.211426 0.106195 0.021484
0 0.471976 0.187744 0.109145 0.019043
1 0.408555 0.454102 0.348083 0.573242
