0 0.448922 0.450415 0.150965 0.044944
0 0.456300 0.498779 0.149830 0.035173
0 0.437571 0.547631 0.182747 0.042990
0 0.435301 0.592574 0.196368 0.049829
0 0.610102 0.742550 0.230420 0.070347
0 0.655505 0.798241 0.228150 0.067416
0 0.673666 0.869565 0.239501 0.060576
0 0.429058 0.405716 0.147560 0.044455
0 0.548808 0.697362 0.234960 0.072789
0 0.476731 0.659013 0.233825 0.081094
0 0.415437 0.355398 0.138479 0.044455
0 0.397843 0.312653 0.137344 0.047875
0 0.366061 0.278212 0.121453 0.042501
0 0.336549 0.241085 0.150965 0.046409
0 0.304200 0.205667 0.154370 0.050806
0 0.279228 0.170738 0.158910 0.053249
0 0.665721 0.942355 0.246311 0.056668
0 0.242906 0.132145 0.179342 0.057157
1 0.482406 0.542501 0.805902 0.912066
