0 0.540650 0.649371 0.243902 0.069182
0 0.628049 0.790881 0.264228 0.075472
0 0.591463 0.719340 0.256098 0.070755
0 0.658537 0.868711 0.252033 0.073899
0 0.674797 0.941824 0.243902 0.062893
0 0.502033 0.582547 0.223577 0.067610
0 0.483740 0.522799 0.235772 0.055031
0 0.467480 0.466981 0.211382 0.056604
0 0.459350 0.360849 0.195122 0.045597
0 0.455285 0.411950 0.186992 0.047170
0 0.473577 0.308962 0.174797 0.045597
0 0.475610 0.262579 0.178862 0.044025
0 0.477642 0.210692 0.199187 0.040881
0 0.487805 0.160377 0.186992 0.053459
0 0.495935 0.114780 0.195122 0.037736
0 0.504065 0.068396 0.170732 0.039308
1 0.575203 0.514937 0.613821 0.966981
