0 0.534653 0.728760 0.247525 0.039551
0 0.577970 0.681641 0.264851 0.037109
0 0.587871 0.639160 0.245050 0.030273
0 0.575495 0.598877 0.245050 0.032715
0 0.545792 0.562744 0.289604 0.035645
0 0.491337 0.530029 0.210396 0.027832
0 0.476485 0.493164 0.185644 0.023438
0 0.478960 0.466064 0.190594 0.023926
0 0.492574 0.436523 0.163366 0.022461
0 0.509901 0.410400 0.153465 0.020996
0 0.522277 0.382812 0.163366 0.022461
0 0.529703 0.353271 0.163366 0.020996
0 0.533416 0.327881 0.155941 0.018066
0 0.538366 0.302246 0.146040 0.020508
0 0.530941 0.278809 0.160891 0.019531
0 0.525990 0.256836 0.141089 0.017578
0 0.527228 0.232910 0.163366 0.013672
1 0.544554 0.488770 0.405941 0.537109
