0 0.572358 0.656250 0.201626 0.033203
0 0.560163 0.615234 0.206504 0.040039
0 0.511382 0.572998 0.196748 0.047363
0 0.448780 0.531982 0.195122 0.044434
0 0.395935 0.495850 0.180488 0.042480
0 0.354472 0.457520 0.159350 0.036133
0 0.326829 0.422607 0.149593 0.027832
0 0.317886 0.390137 0.154472 0.023438
0 0.329268 0.360596 0.128455 0.027832
0 0.353659 0.328613 0.151220 0.029297
0 0.381301 0.302246 0.134959 0.027344
0 0.408943 0.272705 0.151220 0.035645
0 0.434146 0.247314 0.130081 0.025879
0 0.433333 0.217041 0.131707 0.021973
0 0.441463 0.188232 0.144715 0.026855
0 0.424390 0.165527 0.136585 0.021484
0 0.403252 0.137695 0.130081 0.019531
0 0.401626 0.116211 0.133333 0.014648
0 0.395935 0.093506 0.128455 0.016113
1 0.461789 0.383301 0.523577 0.611328
