0 0.418478 0.628662 0.192029 0.044434
0 0.480072 0.591309 0.188406 0.046875
0 0.523551 0.554443 0.163043 0.037598
0 0.546196 0.519043 0.161232 0.030273
0 0.541667 0.485840 0.141304 0.028320
0 0.536232 0.453369 0.126812 0.025879
0 0.526268 0.422607 0.128623 0.025879
0 0.528080 0.394043 0.139493 0.024414
0 0.511775 0.363770 0.139493 0.025391
0 0.495471 0.338135 0.114130 0.022949
0 0.475543 0.310303 0.139493 0.028809
0 0.461957 0.284668 0.112319 0.021484
0 0.461957 0.257812 0.126812 0.021484
0 0.458333 0.235840 0.130435 0.019531
0 0.460145 0.214111 0.123188 0.018066
0 0.461051 0.189941 0.143116 0.021484
1 0.462862 0.417236 0.385870 0.489746
