0 0.557471 0.654053 0.132706 0.035645
0 0.542320 0.610107 0.129572 0.036621
0 0.516196 0.572754 0.123302 0.038086
0 0.477534 0.546387 0.135841 0.047852
0 0.436782 0.519775 0.127482 0.045410
0 0.407524 0.475342 0.108673 0.032715
0 0.417973 0.446289 0.091954 0.029297
0 0.396552 0.506104 0.105538 0.023926
0 0.419540 0.413330 0.084639 0.026855
0 0.419018 0.385254 0.085684 0.026367
0 0.407524 0.354248 0.077325 0.027832
0 0.402821 0.327393 0.082550 0.024902
0 0.389237 0.305420 0.067921 0.022949
0 0.376176 0.282715 0.073145 0.023438
0 0.359979 0.257568 0.078370 0.027832
0 0.338036 0.232422 0.078370 0.029297
0 0.323929 0.206787 0.106583 0.031738
0 0.303030 0.182373 0.096134 0.029785
0 0.284744 0.160889 0.097179 0.026855
0 0.269070 0.143066 0.084639 0.027344
1 0.423720 0.401123 0.494253 0.572754
