0 0.474700 0.638184 0.171771 0.035156
0 0.481358 0.594482 0.155792 0.032715
0 0.511318 0.558838 0.167776 0.034668
0 0.545939 0.529053 0.167776 0.035645
0 0.585885 0.495361 0.149134 0.032715
0 0.590546 0.462891 0.134487 0.024414
0 0.556591 0.438965 0.127830 0.033203
0 0.526631 0.412598 0.107856 0.031250
0 0.511984 0.385010 0.102530 0.030762
0 0.495340 0.355713 0.101198 0.029785
0 0.488682 0.328369 0.101198 0.027832
0 0.472703 0.304199 0.090546 0.026367
0 0.465379 0.278809 0.089214 0.023438
0 0.470706 0.255615 0.091877 0.020020
0 0.469374 0.229248 0.094541 0.022949
0 0.466711 0.205566 0.099867 0.022461
0 0.459387 0.180420 0.101198 0.020020
1 0.520639 0.413086 0.332889 0.504883
