0 0.413043 0.748734 0.142857 0.048632
0 0.426501 0.696049 0.140787 0.046606
0 0.435818 0.642857 0.134576 0.043566
0 0.420290 0.592705 0.132505 0.048632
0 0.398551 0.547619 0.134576 0.045593
0 0.380952 0.502026 0.111801 0.037487
0 0.378882 0.460486 0.099379 0.033435
0 0.377847 0.421986 0.109731 0.033435
0 0.393375 0.387031 0.095238 0.028369
0 0.404762 0.354103 0.093168 0.031408
0 0.418219 0.319656 0.082816 0.029382
0 0.427536 0.288247 0.080745 0.027356
0 0.433747 0.255826 0.072464 0.027356
0 0.435818 0.222391 0.076605 0.027356
0 0.436853 0.195035 0.074534 0.023303
0 0.431677 0.169706 0.084886 0.025329
1 0.416149 0.469605 0.248447 0.641337
