0 0.477504 0.712891 0.200290 0.038086
0 0.489840 0.666504 0.178520 0.034180
0 0.492743 0.621582 0.164006 0.035156
0 0.496372 0.577393 0.156749 0.034668
0 0.509434 0.541748 0.130624 0.032715
0 0.516691 0.502930 0.136430 0.026367
0 0.516691 0.470215 0.136430 0.027344
0 0.514514 0.436279 0.111756 0.026855
0 0.502903 0.408691 0.114659 0.030273
0 0.487663 0.381592 0.107402 0.028809
0 0.479681 0.354248 0.091437 0.020996
0 0.473149 0.328857 0.095791 0.020996
0 0.479681 0.303467 0.085631 0.019043
0 0.487663 0.281006 0.104499 0.020020
0 0.491292 0.256592 0.105951 0.016113
0 0.489115 0.227051 0.098694 0.014648
1 0.479681 0.474365 0.297533 0.529785
