0 0.556231 0.697754 0.185410 0.027344
0 0.550912 0.650391 0.199088 0.032227
0 0.543313 0.607666 0.168693 0.025879
0 0.531915 0.566406 0.170213 0.025391
0 0.525836 0.528809 0.164134 0.024414
0 0.505319 0.493896 0.165653 0.029785
0 0.487082 0.458984 0.141337 0.028320
0 0.474924 0.426514 0.138298 0.024902
0 0.464286 0.396729 0.126140 0.022949
0 0.455927 0.365967 0.124620 0.021973
0 0.451368 0.335205 0.124620 0.023926
0 0.454407 0.307861 0.118541 0.020020
0 0.451368 0.279053 0.106383 0.020996
0 0.453647 0.251221 0.101824 0.020020
0 0.452888 0.226074 0.112462 0.022461
0 0.453647 0.198486 0.117021 0.020996
0 0.455927 0.172852 0.127660 0.019531
1 0.526596 0.437744 0.348024 0.564941
