0 0.569638 0.761187 0.169916 0.043774
0 0.530641 0.722276 0.169916 0.043774
0 0.495822 0.682879 0.155989 0.038911
0 0.480501 0.642996 0.136490 0.029183
0 0.480501 0.605058 0.142061 0.033074
0 0.498607 0.571498 0.128134 0.032101
0 0.526462 0.542802 0.116992 0.029183
0 0.541783 0.512646 0.097493 0.029183
0 0.548747 0.484922 0.083565 0.020428
0 0.554318 0.457198 0.089136 0.023346
0 0.541783 0.429475 0.080780 0.022374
0 0.533426 0.407101 0.080780 0.022374
0 0.520891 0.381323 0.089136 0.025292
0 0.516713 0.356518 0.075209 0.016537
0 0.504178 0.332685 0.094708 0.019455
0 0.505571 0.309825 0.103064 0.016537
0 0.505571 0.288911 0.097493 0.017510
1 0.541783 0.533074 0.320334 0.523346
