0 0.537867 0.631168 0.185471 0.048852
0 0.558733 0.584025 0.183926 0.043478
0 0.579598 0.534685 0.163833 0.032731
0 0.588872 0.488276 0.154560 0.030777
0 0.574961 0.446996 0.163833 0.035173
0 0.567233 0.408403 0.151468 0.034196
0 0.554869 0.370054 0.139104 0.028823
0 0.557960 0.336346 0.129830 0.024915
0 0.559505 0.302638 0.136012 0.027846
0 0.557960 0.272106 0.132921 0.024426
0 0.571097 0.241573 0.128284 0.021006
0 0.583462 0.211529 0.119011 0.023449
0 0.583462 0.184416 0.131376 0.020029
0 0.588099 0.155594 0.122102 0.021983
0 0.606646 0.128969 0.140649 0.022472
0 0.612056 0.103078 0.129830 0.019541
0 0.613601 0.076209 0.126739 0.021495
0 0.619011 0.054226 0.122102 0.016610
1 0.571870 0.356131 0.330757 0.631168
