0 0.554953 0.572301 0.227951 0.060088
0 0.533921 0.513434 0.199457 0.055691
0 0.525102 0.457743 0.198100 0.049829
0 0.527137 0.406448 0.169607 0.044944
0 0.524423 0.354177 0.172320 0.047875
0 0.510855 0.306302 0.161465 0.043967
0 0.506106 0.260137 0.154681 0.045432
0 0.508141 0.216414 0.147897 0.038105
0 0.497286 0.170738 0.164179 0.040547
0 0.483039 0.035418 0.162822 0.038593
0 0.481682 0.079629 0.176391 0.040059
0 0.486431 0.125794 0.169607 0.040547
0 0.582768 0.637274 0.248304 0.060088
0 0.611940 0.705178 0.257802 0.063019
0 0.599050 0.782364 0.267300 0.069858
0 0.548847 0.860772 0.305292 0.083048
0 0.462008 0.936981 0.348711 0.102589
1 0.459973 0.500000 0.629579 1.000000
