0 0.603846 0.710938 0.234615 0.053711
0 0.664423 0.661377 0.213462 0.045410
0 0.666346 0.614990 0.205769 0.043457
0 0.635577 0.573486 0.217308 0.038574
0 0.587500 0.539062 0.209615 0.036133
0 0.553846 0.504639 0.184615 0.033691
0 0.554808 0.469482 0.190385 0.028809
0 0.549038 0.438965 0.175000 0.029297
0 0.561538 0.408936 0.169231 0.026855
0 0.561538 0.378906 0.146154 0.026367
0 0.563462 0.348633 0.134615 0.021484
0 0.556731 0.319336 0.125000 0.026367
0 0.554808 0.290771 0.117308 0.023926
0 0.557692 0.265137 0.126923 0.022461
0 0.564423 0.236816 0.144231 0.022461
0 0.576923 0.209473 0.138462 0.019531
0 0.584615 0.188477 0.119231 0.018555
1 0.614423 0.462646 0.394231 0.579590
