0 0.450133 0.027100 0.160904 0.031738
0 0.464096 0.069824 0.175532 0.041992
0 0.462766 0.109375 0.178191 0.033203
0 0.467420 0.150146 0.160904 0.042480
0 0.482048 0.196777 0.163564 0.043945
0 0.561170 0.937744 0.313830 0.066895
0 0.553191 0.852539 0.287234 0.066406
0 0.561835 0.770996 0.285904 0.064453
0 0.565160 0.695557 0.279255 0.067871
0 0.628324 0.562256 0.259309 0.062988
0 0.589761 0.624268 0.269947 0.066895
0 0.667553 0.506348 0.226064 0.059570
0 0.681516 0.457764 0.216755 0.044434
0 0.682181 0.407471 0.215426 0.044434
0 0.659574 0.362549 0.220745 0.048340
0 0.619681 0.322266 0.223404 0.054688
0 0.571809 0.279053 0.210106 0.051270
0 0.519282 0.240234 0.184840 0.051758
1 0.489362 0.326904 0.047872 0.046387
1 0.559840 0.410156 0.018617 0.042969
1 0.745346 0.300537 0.067819 0.046387
