0 0.563291 0.719590 0.204340 0.042013
0 0.514467 0.673913 0.193490 0.035662
0 0.492767 0.632633 0.189873 0.038105
0 0.478300 0.590376 0.193490 0.034685
0 0.465642 0.550806 0.175407 0.027846
0 0.462025 0.514411 0.164557 0.029311
0 0.478300 0.479726 0.164557 0.028334
0 0.500904 0.449194 0.137432 0.025892
0 0.517179 0.418173 0.137432 0.022472
0 0.509946 0.387152 0.126582 0.022960
0 0.495479 0.360039 0.122966 0.027357
0 0.466546 0.333170 0.130199 0.028334
0 0.438517 0.305569 0.135624 0.027846
0 0.401447 0.277479 0.104882 0.021495
0 0.392405 0.251099 0.126582 0.019541
0 0.397830 0.227406 0.130199 0.021983
0 0.398734 0.204201 0.117541 0.017587
0 0.405063 0.180508 0.122966 0.016121
0 0.402351 0.157548 0.117541 0.017098
1 0.504521 0.447728 0.441230 0.612115
