0 0.522273 0.665039 0.190476 0.048828
0 0.442396 0.620850 0.181260 0.051270
0 0.401690 0.581787 0.173579 0.042480
0 0.397849 0.536133 0.168971 0.041992
0 0.448541 0.502930 0.181260 0.045898
0 0.522273 0.475342 0.156682 0.042480
0 0.593702 0.450439 0.142857 0.041504
0 0.632873 0.424805 0.119816 0.031250
0 0.629032 0.391602 0.124424 0.026367
0 0.592934 0.366699 0.125960 0.030273
0 0.523041 0.342773 0.127496 0.036133
0 0.476190 0.317139 0.119816 0.033691
0 0.451613 0.292480 0.110599 0.028320
0 0.437020 0.265625 0.133641 0.023438
0 0.437788 0.240234 0.119816 0.019531
0 0.435484 0.218506 0.124424 0.020996
1 0.507680 0.451172 0.465438 0.498047
