0 0.520078 0.674805 0.148964 0.035156
0 0.533679 0.630859 0.150259 0.033203
0 0.536269 0.586426 0.134715 0.032227
0 0.527202 0.548340 0.129534 0.030273
0 0.531088 0.509766 0.129534 0.027344
0 0.517487 0.475098 0.117876 0.023438
0 0.514249 0.442627 0.113990 0.023926
0 0.516192 0.411621 0.104922 0.022461
0 0.513601 0.385986 0.091969 0.023926
0 0.514249 0.357910 0.082902 0.021484
0 0.512953 0.330078 0.093264 0.021484
0 0.507772 0.302002 0.088083 0.023926
0 0.514896 0.277588 0.091969 0.020020
0 0.517487 0.251465 0.089378 0.019531
0 0.529793 0.225098 0.095855 0.020508
1 0.516839 0.452881 0.220207 0.503418
