0 0.474597 0.660234 0.148699 0.033708
0 0.488228 0.615291 0.141264 0.040547
0 0.509294 0.569614 0.156134 0.047875
0 0.543990 0.527846 0.158612 0.052272
0 0.592937 0.492428 0.130112 0.048852
0 0.649318 0.456033 0.128872 0.047386
0 0.687732 0.420616 0.128872 0.046898
0 0.714994 0.383488 0.111524 0.039082
0 0.727385 0.348803 0.111524 0.033219
0 0.733581 0.319248 0.096654 0.025892
0 0.730483 0.291402 0.102850 0.023937
0 0.713135 0.263068 0.105328 0.029800
0 0.680917 0.243283 0.100372 0.032242
0 0.638786 0.228627 0.095415 0.035173
0 0.601611 0.213239 0.097893 0.035662
0 0.552664 0.193454 0.091698 0.028334
0 0.534077 0.171715 0.106568 0.028823
0 0.524164 0.147533 0.094176 0.022472
1 0.599133 0.409135 0.457249 0.571080
