0 0.586957 0.748734 0.142857 0.048632
0 0.573499 0.696049 0.140787 0.046606
0 0.564182 0.642857 0.134576 0.043566
0 0.579710 0.592705 0.132505 0.048632
0 0.601449 0.547619 0.134576 0.045593
0 0.619048 0.502026 0.111801 0.037487
0 0.621118 0.460486 0.099379 0.033435
0 0.622153 0.421986 0.109731 0.033435
0 0.606625 0.387031 0.095238 0.028369
0 0.595238 0.354103 0.093168 0.031408
0 0.581781 0.319656 0.082816 0.029382
0 0.572464 0.288247 0.080745 0.027356
0 0.566253 0.255826 0.072464 0.027356
0 0.564182 0.222391 0.076605 0.027356
0 0.563147 0.195035 0.074534 0.023303
0 0.568323 0.169706 0.084886 0.025329
1 0.583851 0.469605 0.248447 0.641337
