0 0.518000 0.545410 0.300000 0.051758
0 0.488000 0.599121 0.304000 0.055664
0 0.446000 0.660156 0.328000 0.055664
0 0.426000 0.722900 0.336000 0.052246
0 0.421000 0.794189 0.350000 0.052246
0 0.444000 0.863770 0.368000 0.066406
0 0.477000 0.932373 0.366000 0.072754
0 0.539000 0.395020 0.262000 0.038086
0 0.544000 0.444092 0.276000 0.042480
0 0.547000 0.493164 0.286000 0.042969
0 0.536000 0.346680 0.256000 0.042969
0 0.547000 0.300293 0.230000 0.042969
0 0.555000 0.250244 0.234000 0.049316
0 0.490000 0.123291 0.224000 0.036621
0 0.544000 0.165771 0.256000 0.040527
0 0.554000 0.207031 0.232000 0.040039
0 0.461000 0.014648 0.214000 0.027344
0 0.457000 0.048340 0.210000 0.033203
0 0.467000 0.086426 0.214000 0.036133
1 0.465000 0.500000 0.818000 1.000000
