0 0.489940 0.773682 0.243461 0.035645
0 0.482897 0.730469 0.237425 0.035156
0 0.483903 0.680664 0.263581 0.039062
0 0.449698 0.634766 0.235412 0.037109
0 0.435614 0.589844 0.223340 0.033203
0 0.415493 0.549805 0.211268 0.034180
0 0.415493 0.514160 0.195171 0.026367
0 0.420523 0.480469 0.201207 0.031250
0 0.414487 0.447266 0.160966 0.026367
0 0.421529 0.418701 0.171026 0.025879
0 0.456740 0.325684 0.156942 0.027344
0 0.476861 0.298584 0.164990 0.024902
0 0.481891 0.272217 0.158954 0.018066
0 0.483903 0.244141 0.167002 0.018555
0 0.491952 0.215332 0.162978 0.020508
0 0.508048 0.190918 0.146881 0.019531
0 0.525151 0.166260 0.169014 0.019043
0 0.523139 0.143066 0.140845 0.020508
0 0.444668 0.353760 0.144869 0.027832
0 0.429577 0.384521 0.150905 0.025879
1 0.468813 0.461426 0.426559 0.683594
