0 0.600548 0.714704 0.206581 0.036150
0 0.606033 0.669516 0.213894 0.035662
0 0.568556 0.626771 0.204753 0.036150
0 0.532907 0.586957 0.188300 0.038593
0 0.499086 0.547386 0.164534 0.033708
0 0.480804 0.514656 0.175503 0.031754
0 0.464351 0.481681 0.164534 0.029311
0 0.460695 0.451148 0.149909 0.021006
0 0.446069 0.422081 0.135283 0.022472
0 0.446984 0.395457 0.137112 0.025892
0 0.431444 0.368832 0.120658 0.024426
0 0.425046 0.345139 0.129799 0.021983
0 0.409506 0.314851 0.106033 0.020029
0 0.415905 0.287494 0.118830 0.021983
0 0.425960 0.264533 0.131627 0.020029
0 0.452468 0.238886 0.162706 0.021495
0 0.462523 0.217147 0.149909 0.019052
0 0.465265 0.192233 0.140768 0.015144
1 0.524680 0.457743 0.435101 0.564729
