0 0.735727 0.757812 0.222836 0.041016
0 0.749540 0.711426 0.224678 0.041016
0 0.782689 0.670166 0.224678 0.035645
0 0.810313 0.626221 0.198895 0.026855
0 0.779926 0.589844 0.193370 0.039062
0 0.761510 0.549316 0.174954 0.034180
0 0.741252 0.512695 0.167587 0.036133
0 0.721915 0.475586 0.162063 0.029297
0 0.697974 0.445068 0.128913 0.027832
0 0.686004 0.415283 0.138122 0.026855
0 0.672192 0.390137 0.110497 0.024414
0 0.656538 0.367676 0.112339 0.018555
0 0.629834 0.347900 0.099448 0.022949
0 0.617864 0.324219 0.097606 0.016602
0 0.606814 0.305908 0.093923 0.017090
0 0.603131 0.282959 0.093923 0.019043
0 0.593923 0.259277 0.097606 0.018555
0 0.599448 0.236328 0.101289 0.017578
0 0.607735 0.214600 0.099448 0.019043
0 0.616022 0.191895 0.112339 0.023438
0 0.638122 0.171387 0.123389 0.022461
0 0.674033 0.153320 0.125230 0.025391
0 0.718232 0.137695 0.103131 0.021484
1 0.726519 0.454590 0.458564 0.674805
