0 0.427642 0.656250 0.201626 0.033203
0 0.439837 0.615234 0.206504 0.040039
0 0.488618 0.572998 0.196748 0.047363
0 0.551220 0.531982 0.195122 0.044434
0 0.604065 0.495850 0.180488 0.042480
0 0.645528 0.457520 0.159350 0.036133
0 0.673171 0.422607 0.149593 0.027832
0 0.682114 0.390137 0.154472 0.023438
0 0.670732 0.360596 0.128455 0.027832
0 0.646341 0.328613 0.151220 0.029297
0 0.618699 0.302246 0.134959 0.027344
0 0.591057 0.272705 0.151220 0.035645
0 0.565854 0.247314 0.130081 0.025879
0 0.566667 0.217041 0.131707 0.021973
0 0.558537 0.188232 0.144715 0.026855
0 0.575610 0.165527 0.136585 0.021484
0 0.596748 0.137695 0.130081 0.019531
0 0.598374 0.116211 0.133333 0.014648
0 0.604065 0.093506 0.128455 0.016113
1 0.538211 0.383301 0.523577 0.611328
