0 0.477727 0.665039 0.190476 0.048828
0 0.557604 0.620850 0.181260 0.051270
0 0.598310 0.581787 0.173579 0.042480
0 0.602151 0.536133 0.168971 0.041992
0 0.551459 0.502930 0.181260 0.045898
0 0.477727 0.475342 0.156682 0.042480
0 0.406298 0.450439 0.142857 0.041504
0 0.367127 0.424805 0.119816 0.031250
0 0.370968 0.391602 0.124424 0.026367
0 0.407066 0.366699 0.125960 0.030273
0 0.476959 0.342773 0.127496 0.036133
0 0.523810 0.317139 0.119816 0.033691
0 0.548387 0.292480 0.110599 0.028320
0 0.562980 0.265625 0.133641 0.023438
0 0.562212 0.240234 0.119816 0.019531
0 0.564516 0.218506 0.124424 0.020996
1 0.492320 0.451172 0.465438 0.498047
