0 0.454485 0.653884 0.148594 0.027846
0 0.444444 0.613825 0.149933 0.038593
0 0.435074 0.566194 0.139224 0.035173
0 0.449799 0.528334 0.136546 0.035662
0 0.465863 0.490230 0.136546 0.034685
0 0.486613 0.456033 0.124498 0.027846
0 0.499331 0.421837 0.104418 0.022960
0 0.504016 0.394968 0.100402 0.022960
0 0.502677 0.365901 0.097724 0.020518
0 0.502008 0.338788 0.088353 0.022960
0 0.506024 0.312408 0.088353 0.021006
0 0.494645 0.285296 0.081660 0.020518
0 0.497992 0.256229 0.093708 0.019052
0 0.497323 0.231803 0.087015 0.020029
0 0.492637 0.205667 0.080321 0.021495
0 0.483936 0.183683 0.100402 0.015633
0 0.479920 0.162921 0.092369 0.019052
1 0.461178 0.411822 0.239625 0.535418
