0 0.515192 0.748168 0.147952 0.034685
0 0.489432 0.705178 0.183620 0.038593
0 0.470277 0.664143 0.163804 0.031754
0 0.466975 0.622618 0.149273 0.033708
0 0.466975 0.582560 0.138705 0.036639
0 0.492074 0.547631 0.128137 0.029311
0 0.490753 0.514656 0.117569 0.027846
0 0.497358 0.481925 0.122853 0.026869
0 0.488771 0.453835 0.118890 0.021495
0 0.474901 0.422570 0.120211 0.024426
0 0.468296 0.398876 0.114927 0.019052
0 0.453104 0.369565 0.092470 0.024915
0 0.439894 0.343674 0.089828 0.022960
0 0.439234 0.315340 0.104359 0.021006
0 0.433950 0.292868 0.101717 0.019052
0 0.448481 0.266976 0.104359 0.019052
0 0.449141 0.244016 0.110964 0.020029
1 0.480845 0.502931 0.327609 0.550562
