0 0.474662 0.683317 0.138514 0.047527
0 0.456081 0.640155 0.131757 0.038797
0 0.445946 0.601358 0.121622 0.038797
0 0.438345 0.559166 0.113176 0.035887
0 0.453547 0.513579 0.123311 0.033948
0 0.475507 0.463143 0.123311 0.039767
0 0.489020 0.427255 0.126689 0.035887
0 0.492399 0.389428 0.106419 0.039767
0 0.489865 0.354510 0.087838 0.033948
0 0.496622 0.321532 0.101351 0.028128
0 0.497466 0.293889 0.072635 0.021339
0 0.501689 0.267701 0.084459 0.023278
0 0.506757 0.240058 0.081081 0.024248
1 0.474662 0.475267 0.226351 0.516004
