0 0.514327 0.587891 0.257880 0.068359
0 0.492837 0.531006 0.220630 0.059082
0 0.585960 0.646240 0.275072 0.073730
0 0.649713 0.706055 0.279370 0.071289
0 0.687679 0.777588 0.272206 0.065918
0 0.677650 0.854492 0.266476 0.073242
0 0.616046 0.933594 0.309456 0.083008
0 0.480659 0.478516 0.213467 0.055664
0 0.486390 0.423096 0.184814 0.044434
0 0.488539 0.375977 0.166189 0.045898
0 0.505731 0.327393 0.171920 0.043457
0 0.500000 0.278564 0.163324 0.043457
0 0.498567 0.230957 0.140401 0.039062
0 0.493553 0.188721 0.156160 0.036621
0 0.495702 0.145752 0.177650 0.038574
0 0.525072 0.062988 0.153295 0.031250
0 0.515043 0.100586 0.179083 0.033203
0 0.531519 0.029053 0.114613 0.028809
1 0.595989 0.500000 0.627507 1.000000
