0 0.502151 0.033691 0.350538 0.033203
0 0.523656 0.068359 0.264516 0.029297
0 0.512903 0.097168 0.230108 0.025391
0 0.510753 0.127197 0.247312 0.026855
0 0.500000 0.165527 0.204301 0.030273
0 0.480645 0.205811 0.200000 0.032715
0 0.491398 0.251221 0.187097 0.050293
0 0.515054 0.294434 0.204301 0.034180
0 0.507527 0.335938 0.240860 0.039062
0 0.482796 0.373291 0.247312 0.037598
0 0.451613 0.419189 0.301075 0.036621
0 0.446237 0.458740 0.290323 0.045410
0 0.455914 0.510010 0.322581 0.045410
0 0.475269 0.562012 0.361290 0.053711
0 0.486022 0.616943 0.361290 0.051270
0 0.507527 0.675781 0.369892 0.050781
0 0.550538 0.740967 0.348387 0.060059
0 0.569892 0.810791 0.365591 0.055176
0 0.566667 0.875000 0.402151 0.058594
1 0.539785 0.464844 0.640860 0.910156
