0 0.467489 0.743950 0.118834 0.031946
0 0.470852 0.703775 0.121076 0.030978
0 0.470852 0.666021 0.103139 0.034850
0 0.459641 0.628751 0.112108 0.035818
0 0.439462 0.592933 0.103139 0.037754
0 0.417040 0.559051 0.103139 0.035818
0 0.392377 0.527590 0.098655 0.034850
0 0.372197 0.500968 0.094170 0.030010
0 0.358744 0.473379 0.080717 0.029042
0 0.355381 0.448209 0.078475 0.021297
0 0.362108 0.422556 0.082960 0.022265
0 0.381166 0.399322 0.085202 0.026137
0 0.397982 0.376573 0.082960 0.025169
0 0.417040 0.355276 0.080717 0.025169
0 0.434978 0.334947 0.076233 0.023233
0 0.451794 0.315102 0.073991 0.026137
1 0.424888 0.532430 0.271300 0.476283
