0 0.398866 0.454102 0.234405 0.044922
0 0.396030 0.503906 0.262760 0.046875
0 0.391304 0.557861 0.279773 0.045410
0 0.384688 0.616943 0.285444 0.049316
0 0.412098 0.406006 0.219282 0.047363
0 0.432892 0.356934 0.223062 0.044922
0 0.384688 0.679688 0.304348 0.056641
0 0.412098 0.747803 0.332703 0.062012
0 0.460302 0.819580 0.334594 0.065918
0 0.516068 0.894531 0.347826 0.075195
0 0.454631 0.312012 0.202268 0.043945
0 0.465974 0.269043 0.202268 0.038086
0 0.474480 0.225830 0.200378 0.036621
0 0.471645 0.179932 0.198488 0.038574
0 0.480151 0.140381 0.226843 0.037598
0 0.500000 0.104736 0.221172 0.035645
0 0.512287 0.068848 0.234405 0.035156
0 0.539698 0.034424 0.213611 0.036621
1 0.475425 0.503662 0.674858 0.992676
