0 0.396154 0.710938 0.234615 0.053711
0 0.335577 0.661377 0.213462 0.045410
0 0.333654 0.614990 0.205769 0.043457
0 0.364423 0.573486 0.217308 0.038574
0 0.412500 0.539062 0.209615 0.036133
0 0.446154 0.504639 0.184615 0.033691
0 0.445192 0.469482 0.190385 0.028809
0 0.450962 0.438965 0.175000 0.029297
0 0.438462 0.408936 0.169231 0.026855
0 0.438462 0.378906 0.146154 0.026367
0 0.436538 0.348633 0.134615 0.021484
0 0.443269 0.319336 0.125000 0.026367
0 0.445192 0.290771 0.117308 0.023926
0 0.442308 0.265137 0.126923 0.022461
0 0.435577 0.236816 0.144231 0.022461
0 0.423077 0.209473 0.138462 0.019531
0 0.415385 0.188477 0.119231 0.018555
1 0.385577 0.462646 0.394231 0.579590
