0 0.575402 0.669922 0.139679 0.045898
0 0.547590 0.622559 0.140915 0.043945
0 0.508035 0.583740 0.131026 0.045410
0 0.477750 0.548828 0.127318 0.041992
0 0.443758 0.517090 0.123609 0.041016
0 0.417182 0.486084 0.114957 0.039551
0 0.407293 0.457520 0.110012 0.030273
0 0.402967 0.432129 0.086527 0.023438
0 0.409147 0.403809 0.096415 0.023438
0 0.415946 0.376465 0.100124 0.024414
0 0.432633 0.352539 0.096415 0.027344
0 0.459827 0.326660 0.088999 0.022461
0 0.477132 0.303467 0.079110 0.019043
0 0.487639 0.278320 0.085290 0.025391
0 0.500000 0.256348 0.095179 0.017578
0 0.508035 0.233154 0.086527 0.017090
0 0.509889 0.210205 0.100124 0.019043
1 0.498146 0.453125 0.390606 0.532227
