0 0.525300 0.638184 0.171771 0.035156
0 0.518642 0.594482 0.155792 0.032715
0 0.488682 0.558838 0.167776 0.034668
0 0.454061 0.529053 0.167776 0.035645
0 0.414115 0.495361 0.149134 0.032715
0 0.409454 0.462891 0.134487 0.024414
0 0.443409 0.438965 0.127830 0.033203
0 0.473369 0.412598 0.107856 0.031250
0 0.488016 0.385010 0.102530 0.030762
0 0.504660 0.355713 0.101198 0.029785
0 0.511318 0.328369 0.101198 0.027832
0 0.527297 0.304199 0.090546 0.026367
0 0.534621 0.278809 0.089214 0.023438
0 0.529294 0.255615 0.091877 0.020020
0 0.530626 0.229248 0.094541 0.022949
0 0.533289 0.205566 0.099867 0.022461
0 0.540613 0.180420 0.101198 0.020020
1 0.479361 0.413086 0.332889 0.504883
