0 0.467702 0.703857 0.137888 0.041504
0 0.445342 0.660645 0.127950 0.041992
0 0.437888 0.618652 0.120497 0.033203
0 0.447826 0.576904 0.125466 0.036621
0 0.465217 0.540283 0.137888 0.038574
0 0.483230 0.505127 0.126708 0.030762
0 0.489441 0.473633 0.121739 0.028320
0 0.501863 0.444824 0.116770 0.023438
0 0.503727 0.416992 0.098137 0.024414
0 0.500621 0.390381 0.091925 0.024902
0 0.493168 0.362549 0.094410 0.025879
0 0.486957 0.339111 0.077019 0.024902
0 0.481988 0.314697 0.081988 0.020996
0 0.478882 0.287109 0.078261 0.018555
0 0.477019 0.264160 0.081988 0.018555
0 0.475155 0.240723 0.083230 0.021484
0 0.469565 0.217285 0.089441 0.019531
1 0.470186 0.471191 0.242236 0.540039
