0 0.412548 0.717391 0.110266 0.035389
0 0.413498 0.670880 0.112167 0.047523
0 0.436312 0.622851 0.112167 0.042467
0 0.467681 0.582912 0.102662 0.041456
0 0.501901 0.548028 0.098859 0.044489
0 0.533270 0.513145 0.093156 0.041456
0 0.549430 0.478261 0.072243 0.030334
0 0.539924 0.441355 0.076046 0.027300
0 0.525665 0.410010 0.085551 0.029323
0 0.501901 0.381699 0.079848 0.027300
0 0.476236 0.355410 0.081749 0.031345
0 0.455323 0.327604 0.070342 0.030334
0 0.441065 0.294237 0.060837 0.026289
0 0.432510 0.263903 0.070342 0.022245
0 0.430608 0.236097 0.070342 0.021234
0 0.434411 0.211830 0.077947 0.019211
1 0.466730 0.470677 0.290875 0.555106
