0 0.525403 0.660234 0.148699 0.033708
0 0.511772 0.615291 0.141264 0.040547
0 0.490706 0.569614 0.156134 0.047875
0 0.456010 0.527846 0.158612 0.052272
0 0.407063 0.492428 0.130112 0.048852
0 0.350682 0.456033 0.128872 0.047386
0 0.312268 0.420616 0.128872 0.046898
0 0.285006 0.383488 0.111524 0.039082
0 0.272615 0.348803 0.111524 0.033219
0 0.266419 0.319248 0.096654 0.025892
0 0.269517 0.291402 0.102850 0.023937
0 0.286865 0.263068 0.105328 0.029800
0 0.319083 0.243283 0.100372 0.032242
0 0.361214 0.228627 0.095415 0.035173
0 0.398389 0.213239 0.097893 0.035662
0 0.447336 0.193454 0.091698 0.028334
0 0.465923 0.171715 0.106568 0.028823
0 0.475836 0.147533 0.094176 0.022472
1 0.400867 0.409135 0.457249 0.571080
