0 0.417397 0.667969 0.156446 0.044922
0 0.392365 0.621826 0.133917 0.038574
0 0.393617 0.578369 0.128911 0.032715
0 0.383605 0.541748 0.123905 0.024902
0 0.385482 0.509766 0.112641 0.027344
0 0.391740 0.477051 0.110138 0.028320
0 0.404881 0.446533 0.101377 0.023926
0 0.411139 0.417725 0.108886 0.025879
0 0.426158 0.387695 0.093867 0.025391
0 0.432416 0.360352 0.088861 0.023438
0 0.428661 0.330322 0.091364 0.024902
0 0.439299 0.299072 0.090113 0.020996
0 0.443680 0.274902 0.088861 0.019531
0 0.435544 0.248291 0.100125 0.023926
0 0.434919 0.225586 0.098874 0.021484
0 0.429287 0.199219 0.102628 0.020508
1 0.442428 0.445312 0.301627 0.530273
