0 0.455036 0.704102 0.212230 0.040039
0 0.448741 0.660889 0.196043 0.031738
0 0.442446 0.617432 0.176259 0.032715
0 0.453237 0.578369 0.194245 0.032715
0 0.477518 0.539062 0.174460 0.032227
0 0.490108 0.506104 0.163669 0.031738
0 0.513489 0.473145 0.149281 0.024414
0 0.508993 0.442383 0.147482 0.025391
0 0.500899 0.411377 0.152878 0.026855
0 0.506295 0.380371 0.145683 0.025391
0 0.507194 0.351074 0.140288 0.023438
0 0.509892 0.324219 0.127698 0.023438
0 0.509892 0.298096 0.127698 0.022949
0 0.497302 0.271484 0.138489 0.024414
0 0.482914 0.244385 0.134892 0.025879
0 0.460432 0.220947 0.140288 0.023926
0 0.456835 0.196533 0.125899 0.018066
1 0.465827 0.460449 0.330935 0.563477
