0 0.462121 0.701660 0.162005 0.043945
0 0.505828 0.657959 0.153846 0.048340
0 0.524476 0.611084 0.135198 0.032715
0 0.532634 0.568604 0.121212 0.035645
0 0.525058 0.531250 0.122378 0.038086
0 0.508741 0.493896 0.113054 0.030762
0 0.493007 0.459473 0.100233 0.027344
0 0.489510 0.427734 0.088578 0.023438
0 0.491841 0.395264 0.083916 0.020020
0 0.498252 0.366699 0.085082 0.025391
0 0.506410 0.338623 0.080420 0.024902
0 0.510490 0.309326 0.086247 0.024902
0 0.519231 0.278564 0.082751 0.020996
0 0.526224 0.252441 0.073427 0.019531
0 0.524476 0.227539 0.076923 0.018555
0 0.515734 0.204346 0.096737 0.020996
1 0.483683 0.463135 0.286713 0.553223
