0 0.487162 0.698730 0.190541 0.048828
0 0.470270 0.658691 0.170270 0.039062
0 0.449324 0.616455 0.160811 0.034668
0 0.452027 0.574219 0.141892 0.033203
0 0.462838 0.536377 0.158108 0.034668
0 0.469595 0.498779 0.141892 0.031738
0 0.479054 0.465088 0.131081 0.030762
0 0.492568 0.434570 0.125676 0.028320
0 0.504730 0.404541 0.122973 0.028809
0 0.513514 0.376709 0.105405 0.027832
0 0.524324 0.346680 0.097297 0.023438
0 0.520946 0.319580 0.104054 0.023926
0 0.515541 0.289062 0.095946 0.022461
0 0.518243 0.263428 0.106757 0.021973
0 0.512838 0.236572 0.106757 0.020996
0 0.516216 0.210938 0.102703 0.021484
0 0.514865 0.184814 0.105405 0.020020
1 0.470946 0.450195 0.260811 0.568359
