0 0.480645 0.758236 0.182796 0.051357
0 0.491398 0.701550 0.178495 0.046512
0 0.498925 0.651163 0.159140 0.038760
0 0.498925 0.601744 0.154839 0.040698
0 0.495699 0.550388 0.148387 0.040698
0 0.492473 0.506298 0.150538 0.041667
0 0.491398 0.465116 0.139785 0.032946
0 0.479570 0.421512 0.133333 0.038760
0 0.492473 0.385174 0.124731 0.028101
0 0.506452 0.354167 0.122581 0.039729
0 0.531183 0.321221 0.133333 0.037791
0 0.551613 0.291182 0.118280 0.033915
0 0.572043 0.264050 0.098925 0.031977
0 0.588172 0.234496 0.109677 0.029070
0 0.594624 0.197674 0.092473 0.023256
0 0.590323 0.171996 0.088172 0.020349
0 0.593548 0.145833 0.103226 0.022287
0 0.589247 0.120155 0.103226 0.019380
1 0.516129 0.450581 0.348387 0.699612
