0 0.509091 0.687744 0.207273 0.036621
0 0.466364 0.649414 0.187273 0.034180
0 0.444545 0.608154 0.187273 0.031738
0 0.434545 0.568604 0.167273 0.030762
0 0.454545 0.532227 0.174545 0.029297
0 0.478182 0.501709 0.178182 0.029785
0 0.493636 0.470459 0.165455 0.027832
0 0.510000 0.442627 0.150909 0.025879
0 0.526364 0.414795 0.143636 0.023926
0 0.517273 0.386230 0.147273 0.025391
0 0.501818 0.362793 0.127273 0.027344
0 0.475455 0.337402 0.129091 0.022461
0 0.469091 0.312988 0.123636 0.021484
0 0.462727 0.286865 0.136364 0.020996
0 0.470909 0.262451 0.134545 0.021973
0 0.491818 0.237549 0.147273 0.025879
0 0.509091 0.213623 0.134545 0.020996
0 0.511818 0.190186 0.125455 0.016113
1 0.485455 0.450928 0.425455 0.553223
