0 0.466790 0.696533 0.269373 0.041504
0 0.479705 0.641357 0.250923 0.040527
0 0.481550 0.591309 0.247232 0.041016
0 0.470480 0.541260 0.232472 0.039551
0 0.458487 0.497314 0.226937 0.040527
0 0.416974 0.458984 0.221402 0.040039
0 0.380996 0.422607 0.193727 0.038574
0 0.357934 0.390625 0.166052 0.029297
0 0.360701 0.358643 0.167897 0.026855
0 0.383764 0.329346 0.173432 0.032715
0 0.416052 0.303467 0.160517 0.032715
0 0.451107 0.278320 0.164207 0.034180
0 0.495387 0.254639 0.145756 0.031738
0 0.539668 0.230713 0.134686 0.034668
0 0.553506 0.198730 0.143911 0.027344
0 0.553506 0.171631 0.143911 0.025879
0 0.560886 0.144287 0.162362 0.022949
0 0.570111 0.120361 0.169742 0.020020
1 0.475092 0.416260 0.507380 0.639160
