0 0.436842 0.912598 0.375439 0.050781
0 0.448246 0.843262 0.384211 0.057617
0 0.466667 0.775635 0.347368 0.057129
0 0.490351 0.714111 0.356140 0.057129
0 0.525439 0.650146 0.349123 0.058105
0 0.541228 0.588623 0.296491 0.046387
0 0.543860 0.534180 0.273684 0.042969
0 0.558772 0.482422 0.257895 0.043945
0 0.550877 0.431885 0.242105 0.038574
0 0.558772 0.384033 0.243860 0.043457
0 0.545614 0.326904 0.242105 0.048340
0 0.478947 0.012939 0.217544 0.025879
0 0.472807 0.049316 0.215789 0.029297
0 0.476316 0.087402 0.201754 0.028320
0 0.466667 0.122314 0.203509 0.028809
0 0.478070 0.160400 0.180702 0.032715
0 0.518421 0.279053 0.205263 0.032715
0 0.502632 0.235107 0.194737 0.036621
0 0.491228 0.197266 0.178947 0.029297
1 0.435088 0.483154 0.645614 0.966309
