0 0.484071 0.715332 0.207080 0.033203
0 0.506195 0.668213 0.198230 0.032715
0 0.508850 0.624512 0.196460 0.034180
0 0.506195 0.581299 0.176991 0.031738
0 0.494690 0.542725 0.175221 0.030762
0 0.486726 0.508789 0.162832 0.030273
0 0.473451 0.476074 0.157522 0.029297
0 0.455752 0.446045 0.139823 0.023926
0 0.447788 0.418213 0.120354 0.019043
0 0.431858 0.388428 0.116814 0.020020
0 0.453982 0.363281 0.132743 0.023438
0 0.478761 0.337402 0.136283 0.027344
0 0.498230 0.313477 0.100885 0.020508
0 0.510619 0.292236 0.125664 0.017090
0 0.507080 0.265381 0.139823 0.020020
0 0.522124 0.239014 0.138053 0.020020
0 0.533628 0.217041 0.143363 0.016113
1 0.501770 0.470459 0.327434 0.538574
