0 0.479922 0.674805 0.148964 0.035156
0 0.466321 0.630859 0.150259 0.033203
0 0.463731 0.586426 0.134715 0.032227
0 0.472798 0.548340 0.129534 0.030273
0 0.468912 0.509766 0.129534 0.027344
0 0.482513 0.475098 0.117876 0.023438
0 0.485751 0.442627 0.113990 0.023926
0 0.483808 0.411621 0.104922 0.022461
0 0.486399 0.385986 0.091969 0.023926
0 0.485751 0.357910 0.082902 0.021484
0 0.487047 0.330078 0.093264 0.021484
0 0.492228 0.302002 0.088083 0.023926
0 0.485104 0.277588 0.091969 0.020020
0 0.482513 0.251465 0.089378 0.019531
0 0.470207 0.225098 0.095855 0.020508
1 0.483161 0.452881 0.220207 0.503418
