0 0.491655 0.672692 0.151599 0.027357
0 0.490264 0.642159 0.123783 0.030777
0 0.474965 0.610405 0.123783 0.034685
0 0.448540 0.574255 0.137691 0.035662
0 0.413769 0.540791 0.126565 0.037128
0 0.383866 0.509526 0.133519 0.034196
0 0.368567 0.479238 0.119611 0.028334
0 0.358136 0.452614 0.109875 0.022960
0 0.356745 0.425012 0.126565 0.022472
0 0.373435 0.400342 0.115438 0.028823
0 0.395688 0.378359 0.118220 0.031754
0 0.435327 0.355398 0.094576 0.026869
0 0.462448 0.334392 0.090403 0.024915
0 0.484701 0.311431 0.087622 0.022960
0 0.504172 0.291891 0.098748 0.021006
0 0.515994 0.265755 0.100139 0.021495
0 0.514604 0.246947 0.100139 0.015144
0 0.519471 0.224475 0.098748 0.017098
1 0.440890 0.451148 0.328234 0.485100
