0 0.532511 0.743950 0.118834 0.031946
0 0.529148 0.703775 0.121076 0.030978
0 0.529148 0.666021 0.103139 0.034850
0 0.540359 0.628751 0.112108 0.035818
0 0.560538 0.592933 0.103139 0.037754
0 0.582960 0.559051 0.103139 0.035818
0 0.607623 0.527590 0.098655 0.034850
0 0.627803 0.500968 0.094170 0.030010
0 0.641256 0.473379 0.080717 0.029042
0 0.644619 0.448209 0.078475 0.021297
0 0.637892 0.422556 0.082960 0.022265
0 0.618834 0.399322 0.085202 0.026137
0 0.602018 0.376573 0.082960 0.025169
0 0.582960 0.355276 0.080717 0.025169
0 0.565022 0.334947 0.076233 0.023233
0 0.548206 0.315102 0.073991 0.026137
1 0.575112 0.532430 0.271300 0.476283
