0 0.529630 0.635742 0.167407 0.032227
0 0.499259 0.598633 0.160000 0.039062
0 0.465926 0.562256 0.137778 0.033691
0 0.465185 0.523438 0.130370 0.029297
0 0.460741 0.487305 0.124444 0.025391
0 0.474815 0.454590 0.122963 0.026367
0 0.493333 0.427734 0.115556 0.023438
0 0.497778 0.399170 0.097778 0.020996
0 0.502963 0.374023 0.096296 0.017578
0 0.500741 0.346191 0.091852 0.019531
0 0.495556 0.321289 0.105185 0.020508
0 0.488889 0.295410 0.094815 0.018555
0 0.482963 0.270508 0.094815 0.016602
0 0.489630 0.248535 0.090370 0.016602
0 0.499259 0.219727 0.097778 0.017578
0 0.497778 0.197998 0.097778 0.014160
0 0.501481 0.173584 0.093333 0.016113
1 0.511111 0.407715 0.299259 0.507812
