0 0.476868 0.744141 0.227758 0.041016
0 0.495552 0.696777 0.204626 0.041016
0 0.514235 0.650391 0.209964 0.035156
0 0.525801 0.609375 0.193950 0.030273
0 0.507117 0.569824 0.188612 0.032227
0 0.500000 0.533691 0.181495 0.029297
0 0.485765 0.501465 0.153025 0.029297
0 0.460854 0.471924 0.149466 0.027832
0 0.446619 0.440430 0.120996 0.023438
0 0.447509 0.413818 0.140569 0.025879
0 0.467082 0.384766 0.129893 0.024414
0 0.476868 0.360596 0.124555 0.023926
0 0.501779 0.334961 0.120996 0.023438
0 0.524911 0.310059 0.106762 0.020508
0 0.525801 0.284668 0.140569 0.023438
0 0.524911 0.257324 0.145907 0.020508
0 0.533808 0.230713 0.149466 0.020020
0 0.522242 0.208008 0.115658 0.018555
1 0.480427 0.490234 0.370107 0.598633
