0 0.545515 0.653884 0.148594 0.027846
0 0.555556 0.613825 0.149933 0.038593
0 0.564926 0.566194 0.139224 0.035173
0 0.550201 0.528334 0.136546 0.035662
0 0.534137 0.490230 0.136546 0.034685
0 0.513387 0.456033 0.124498 0.027846
0 0.500669 0.421837 0.104418 0.022960
0 0.495984 0.394968 0.100402 0.022960
0 0.497323 0.365901 0.097724 0.020518
0 0.497992 0.338788 0.088353 0.022960
0 0.493976 0.312408 0.088353 0.021006
0 0.505355 0.285296 0.081660 0.020518
0 0.502008 0.256229 0.093708 0.019052
0 0.502677 0.231803 0.087015 0.020029
0 0.507363 0.205667 0.080321 0.021495
0 0.516064 0.183683 0.100402 0.015633
0 0.520080 0.162921 0.092369 0.019052
1 0.538822 0.411822 0.239625 0.535418
