0 0.642699 0.636719 0.128319 0.037109
0 0.619469 0.589600 0.146018 0.050293
0 0.597345 0.546143 0.137168 0.040527
0 0.568584 0.500244 0.121681 0.031738
0 0.556969 0.459229 0.107301 0.032715
0 0.554757 0.420166 0.100664 0.028809
0 0.556416 0.384521 0.099558 0.028809
0 0.552544 0.353271 0.096239 0.031738
0 0.529314 0.321533 0.102876 0.030762
0 0.498894 0.295410 0.103982 0.036133
0 0.463496 0.270264 0.088496 0.032715
0 0.418695 0.246582 0.091814 0.033203
0 0.377212 0.219971 0.090708 0.030762
0 0.355088 0.198242 0.081858 0.028320
0 0.328540 0.170898 0.099558 0.030273
0 0.304757 0.150391 0.100664 0.032227
1 0.481195 0.396729 0.537611 0.540527
