0 0.490909 0.687744 0.207273 0.036621
0 0.533636 0.649414 0.187273 0.034180
0 0.555455 0.608154 0.187273 0.031738
0 0.565455 0.568604 0.167273 0.030762
0 0.545455 0.532227 0.174545 0.029297
0 0.521818 0.501709 0.178182 0.029785
0 0.506364 0.470459 0.165455 0.027832
0 0.490000 0.442627 0.150909 0.025879
0 0.473636 0.414795 0.143636 0.023926
0 0.482727 0.386230 0.147273 0.025391
0 0.498182 0.362793 0.127273 0.027344
0 0.524545 0.337402 0.129091 0.022461
0 0.530909 0.312988 0.123636 0.021484
0 0.537273 0.286865 0.136364 0.020996
0 0.529091 0.262451 0.134545 0.021973
0 0.508182 0.237549 0.147273 0.025879
0 0.490909 0.213623 0.134545 0.020996
0 0.488182 0.190186 0.125455 0.016113
1 0.514545 0.450928 0.425455 0.553223
