0 0.434259 0.742424 0.124074 0.048485
0 0.407407 0.692929 0.107407 0.044444
0 0.396296 0.643939 0.111111 0.033333
0 0.419444 0.597475 0.112963 0.039394
0 0.445370 0.560101 0.105556 0.043434
0 0.474074 0.521717 0.111111 0.043434
0 0.481481 0.482323 0.088889 0.033333
0 0.483333 0.447475 0.081481 0.028283
0 0.484259 0.412121 0.075926 0.026263
0 0.475000 0.382828 0.075926 0.028283
0 0.473148 0.352020 0.068519 0.029293
0 0.468519 0.321212 0.066667 0.022222
0 0.464815 0.295960 0.066667 0.020202
0 0.469444 0.270707 0.061111 0.020202
0 0.462037 0.246970 0.068519 0.021212
0 0.454630 0.221717 0.072222 0.023232
0 0.447222 0.198485 0.068519 0.021212
0 0.447222 0.174747 0.075926 0.020202
0 0.448148 0.151010 0.077778 0.021212
1 0.437037 0.457576 0.240741 0.656566
