0 0.382994 0.960938 0.315407 0.070312
0 0.442587 0.878174 0.295058 0.077637
0 0.487645 0.808594 0.309593 0.073242
0 0.543605 0.732422 0.290698 0.064453
0 0.558140 0.657715 0.261628 0.056641
0 0.539244 0.588623 0.261628 0.064941
0 0.483285 0.528320 0.251453 0.067383
0 0.426599 0.469971 0.234012 0.058105
0 0.398983 0.415527 0.202035 0.050781
0 0.393169 0.359863 0.199128 0.048828
0 0.406977 0.310303 0.197674 0.050293
0 0.454942 0.260986 0.174419 0.049316
0 0.515262 0.218750 0.187500 0.050781
0 0.547238 0.167725 0.164244 0.045410
0 0.572674 0.124023 0.180233 0.038086
0 0.574128 0.078369 0.177326 0.034668
0 0.574128 0.037842 0.177326 0.035645
1 0.459302 0.503418 0.534884 0.988281
