0 0.582781 0.712158 0.218543 0.039551
0 0.569536 0.661621 0.195364 0.039062
0 0.557947 0.617676 0.195364 0.042969
0 0.538079 0.576416 0.188742 0.042480
0 0.500000 0.539307 0.188742 0.041504
0 0.470199 0.503906 0.175497 0.039062
0 0.426325 0.473877 0.144040 0.035645
0 0.399834 0.438477 0.134106 0.032227
0 0.389901 0.412842 0.134106 0.027832
0 0.415563 0.381592 0.112583 0.025879
0 0.445364 0.354004 0.139073 0.029297
0 0.490066 0.330322 0.135762 0.026855
0 0.524834 0.306885 0.125828 0.028809
0 0.540563 0.283936 0.114238 0.030762
0 0.554636 0.254639 0.119205 0.020020
0 0.544702 0.232666 0.125828 0.018066
0 0.532285 0.208496 0.137417 0.019531
0 0.521523 0.184814 0.132450 0.018066
1 0.514901 0.457764 0.430464 0.585449
