0 0.537679 0.683350 0.142344 0.034668
0 0.531100 0.638672 0.136364 0.037109
0 0.507177 0.596436 0.136364 0.040527
0 0.474880 0.552734 0.131579 0.044922
0 0.438995 0.514160 0.131579 0.045898
0 0.409689 0.477783 0.120813 0.037598
0 0.394737 0.444580 0.105263 0.029785
0 0.387560 0.411621 0.110048 0.028320
0 0.400718 0.382324 0.095694 0.023438
0 0.416866 0.354004 0.099282 0.030273
0 0.431818 0.326172 0.090909 0.028320
0 0.450957 0.299316 0.095694 0.030273
0 0.467105 0.273193 0.089713 0.028809
0 0.480861 0.244141 0.078947 0.023438
0 0.477871 0.219971 0.082536 0.018066
0 0.470694 0.196533 0.096890 0.015137
0 0.469498 0.175537 0.094498 0.016113
1 0.474282 0.437012 0.336124 0.552734
