0 0.530120 0.701172 0.131191 0.031250
0 0.526104 0.657715 0.131191 0.032227
0 0.522758 0.615479 0.129853 0.034668
0 0.503347 0.576660 0.133869 0.039062
0 0.493307 0.535156 0.124498 0.028320
0 0.485274 0.500000 0.119143 0.027344
0 0.481258 0.469971 0.119143 0.025879
0 0.483936 0.438232 0.113788 0.028809
0 0.487282 0.410645 0.107095 0.022461
0 0.490629 0.384277 0.105756 0.025391
0 0.494645 0.359131 0.105756 0.025879
0 0.502677 0.332764 0.092369 0.023926
0 0.491299 0.305420 0.077644 0.023926
0 0.496653 0.279785 0.072289 0.020508
0 0.494645 0.255615 0.084337 0.017090
0 0.496653 0.230713 0.085676 0.018066
0 0.498661 0.209229 0.081660 0.016113
0 0.512048 0.190430 0.081660 0.017578
0 0.514056 0.168701 0.082999 0.018066
2 0.515395 0.447266 0.299866 0.601562
