0 0.460526 0.745402 0.141148 0.040658
0 0.448565 0.696515 0.145933 0.045499
0 0.433014 0.650048 0.162679 0.047435
0 0.399522 0.605518 0.148325 0.047435
0 0.376794 0.563892 0.141148 0.045499
0 0.358852 0.522265 0.138756 0.039690
0 0.334928 0.485963 0.129187 0.034850
0 0.330144 0.452081 0.105263 0.032914
0 0.322967 0.417715 0.105263 0.026137
0 0.324163 0.384318 0.098086 0.025169
0 0.336124 0.356244 0.102871 0.027106
0 0.345694 0.326718 0.088517 0.028074
0 0.348086 0.294288 0.083732 0.023233
0 0.348086 0.266699 0.093301 0.026137
0 0.354067 0.237657 0.095694 0.026137
0 0.351675 0.209100 0.095694 0.023233
0 0.349282 0.184414 0.090909 0.020329
1 0.407895 0.469990 0.332536 0.610842
