0 0.483705 0.961651 0.418525 0.076698
0 0.541166 0.897899 0.358491 0.064485
0 0.589194 0.829018 0.348199 0.071324
0 0.608919 0.752320 0.315609 0.059599
0 0.603774 0.680752 0.339623 0.063996
0 0.551458 0.611627 0.337907 0.066439
0 0.501715 0.552760 0.361921 0.059111
0 0.481990 0.494626 0.312178 0.052272
0 0.457976 0.440401 0.274443 0.045432
0 0.457976 0.394480 0.264151 0.040547
0 0.453688 0.345872 0.252144 0.037128
0 0.481990 0.300195 0.226415 0.045432
0 0.490566 0.252076 0.202401 0.038105
0 0.500000 0.210552 0.190395 0.032242
0 0.510292 0.172203 0.193825 0.032731
0 0.521441 0.131168 0.192110 0.034685
1 0.527444 0.501466 0.636364 0.997069
0 0.528302 0.084025 0.236707 0.047875
0 0.538593 0.035173 0.246998 0.038105
