0 0.346154 0.694092 0.388193 0.079590
0 0.375671 0.772217 0.393560 0.076660
0 0.432021 0.855469 0.398927 0.075195
0 0.445438 0.932861 0.404293 0.088379
0 0.288909 0.629883 0.373882 0.072266
0 0.272809 0.561279 0.373882 0.062012
0 0.258497 0.497803 0.334526 0.058105
0 0.340787 0.401611 0.313059 0.060059
0 0.281753 0.444824 0.305903 0.052734
0 0.495528 0.266357 0.275492 0.057129
0 0.435599 0.311279 0.262970 0.060059
0 0.381038 0.356689 0.275492 0.059082
0 0.542934 0.225586 0.237925 0.048828
0 0.559034 0.172363 0.220036 0.050781
0 0.557245 0.126221 0.237925 0.036621
0 0.551878 0.084229 0.230769 0.044434
0 0.532200 0.039307 0.237925 0.047363
1 0.383721 0.500244 0.688730 0.999512
