0 0.495974 0.700195 0.215781 0.036133
0 0.479066 0.651611 0.201288 0.033691
0 0.474235 0.606445 0.194847 0.039062
0 0.473430 0.565674 0.186795 0.032715
0 0.461353 0.522949 0.169082 0.029297
0 0.454106 0.489746 0.164251 0.029297
0 0.438003 0.455322 0.144928 0.025879
0 0.445250 0.425537 0.136876 0.026855
0 0.432367 0.395508 0.123994 0.025391
0 0.440419 0.368408 0.120773 0.025879
0 0.442834 0.340576 0.138486 0.024902
0 0.441224 0.312256 0.112721 0.024902
0 0.446055 0.285645 0.115942 0.023438
0 0.448470 0.260254 0.123994 0.022461
0 0.444444 0.236084 0.119163 0.019043
0 0.452496 0.212158 0.132045 0.021973
0 0.461353 0.187012 0.140097 0.019531
0 0.464573 0.162842 0.117552 0.016113
2 0.466989 0.441650 0.386473 0.601074
