0 0.544917 0.715423 0.186761 0.037811
0 0.557920 0.661194 0.179669 0.044776
0 0.568558 0.613930 0.163121 0.039801
0 0.585106 0.570647 0.163121 0.036816
0 0.609929 0.532338 0.156028 0.043781
0 0.627660 0.492040 0.144208 0.040796
0 0.641844 0.456219 0.125296 0.030846
0 0.648936 0.421891 0.111111 0.029851
0 0.646572 0.389552 0.115839 0.030846
0 0.626478 0.356716 0.113475 0.030846
0 0.604019 0.327363 0.111111 0.027861
0 0.592199 0.299502 0.101655 0.023881
0 0.582742 0.270149 0.092199 0.026866
0 0.588652 0.240796 0.094563 0.021891
0 0.593381 0.207960 0.085106 0.023881
1 0.579196 0.468159 0.326241 0.562189
