0 0.372777 0.530288 0.288646 0.087445
0 0.297538 0.477284 0.272230 0.069370
0 0.498632 0.885686 0.362517 0.096727
0 0.564295 0.799707 0.316005 0.081094
0 0.482900 0.581094 0.328317 0.086468
0 0.552668 0.641426 0.320109 0.080117
0 0.593707 0.715193 0.303694 0.078163
0 0.577975 0.034929 0.192886 0.041524
0 0.564295 0.081583 0.206566 0.042013
0 0.555404 0.127748 0.224350 0.044455
0 0.547196 0.176844 0.248974 0.048852
0 0.496580 0.291158 0.273598 0.073278
0 0.311218 0.395213 0.291382 0.086957
0 0.416553 0.337079 0.299590 0.082071
0 0.531464 0.230826 0.264022 0.060088
0 0.448016 0.963361 0.384405 0.073278
1 0.424077 0.500000 0.725034 1.000000
