0 0.704104 0.740628 0.142549 0.040527
0 0.659827 0.698075 0.136069 0.052685
0 0.618790 0.660081 0.136069 0.043566
0 0.583153 0.616008 0.129590 0.038501
0 0.588553 0.570415 0.144708 0.036474
0 0.614471 0.530902 0.131749 0.042553
0 0.637149 0.491388 0.116631 0.040527
0 0.643629 0.451368 0.095032 0.033435
0 0.645788 0.414894 0.086393 0.027356
0 0.642549 0.379433 0.088553 0.027356
0 0.643629 0.344478 0.086393 0.028369
0 0.636069 0.307497 0.079914 0.033435
0 0.632829 0.276596 0.077754 0.024316
0 0.618790 0.248227 0.079914 0.026342
0 0.609071 0.218845 0.073434 0.028369
0 0.610151 0.193009 0.071274 0.019250
0 0.612311 0.168693 0.092873 0.021277
0 0.611231 0.146403 0.082073 0.017224
1 0.651188 0.452888 0.321814 0.642351
