0 0.577064 0.650635 0.236697 0.045410
0 0.617431 0.608643 0.225688 0.036621
0 0.617431 0.565430 0.211009 0.037109
0 0.592661 0.530518 0.190826 0.032715
0 0.544954 0.500732 0.161468 0.036621
0 0.519266 0.473633 0.146789 0.031250
0 0.490826 0.446777 0.119266 0.026367
0 0.476147 0.415527 0.115596 0.022461
0 0.477064 0.390381 0.113761 0.020020
0 0.489908 0.361084 0.106422 0.024902
0 0.502752 0.336670 0.106422 0.020996
0 0.520183 0.310303 0.111927 0.020020
0 0.527523 0.285156 0.111927 0.019531
0 0.532110 0.262939 0.121101 0.016113
0 0.521101 0.238525 0.124771 0.016113
0 0.517431 0.215088 0.135780 0.014160
0 0.511927 0.190674 0.117431 0.016113
1 0.567890 0.432861 0.401835 0.518066
