0 0.471005 0.669922 0.173969 0.042969
0 0.448454 0.623291 0.170103 0.041504
0 0.437500 0.577148 0.150773 0.035156
0 0.432990 0.538086 0.139175 0.029297
0 0.440077 0.501221 0.132732 0.026855
0 0.451031 0.469238 0.118557 0.024414
0 0.467784 0.439209 0.121134 0.025879
0 0.480026 0.408936 0.106959 0.023926
0 0.488402 0.375000 0.103093 0.024414
0 0.485825 0.346436 0.095361 0.025879
0 0.480026 0.316895 0.086340 0.025391
0 0.473582 0.285400 0.094072 0.023926
0 0.471005 0.258301 0.101804 0.022461
0 0.467784 0.232422 0.103093 0.021484
0 0.467784 0.208008 0.100515 0.019531
0 0.474227 0.183105 0.108247 0.020508
1 0.466495 0.437012 0.329897 0.544922
