0 0.563158 0.912598 0.375439 0.050781
0 0.551754 0.843262 0.384211 0.057617
0 0.533333 0.775635 0.347368 0.057129
0 0.509649 0.714111 0.356140 0.057129
0 0.474561 0.650146 0.349123 0.058105
0 0.458772 0.588623 0.296491 0.046387
0 0.456140 0.534180 0.273684 0.042969
0 0.442105 0.482422 0.259649 0.043945
0 0.450000 0.431885 0.243860 0.038574
0 0.441228 0.384033 0.243860 0.043457
0 0.454386 0.326904 0.242105 0.048340
0 0.521053 0.012939 0.217544 0.025879
0 0.527193 0.049316 0.215789 0.029297
0 0.523684 0.087402 0.201754 0.028320
0 0.533333 0.122314 0.203509 0.028809
0 0.521930 0.160400 0.180702 0.032715
0 0.481579 0.279053 0.205263 0.032715
0 0.497368 0.235107 0.194737 0.036621
0 0.508772 0.197266 0.178947 0.029297
1 0.564912 0.483154 0.645614 0.966309
