0 0.739241 0.500489 0.225316 0.077675
0 0.677848 0.560088 0.239241 0.077675
0 0.571519 0.615535 0.254430 0.079140
0 0.495570 0.676600 0.274684 0.086957
0 0.781646 0.440645 0.224051 0.068393
0 0.810127 0.383732 0.205063 0.053249
0 0.431646 0.744260 0.263291 0.075721
0 0.390506 0.816317 0.267089 0.075232
0 0.377848 0.893991 0.251899 0.072301
0 0.810759 0.331949 0.186076 0.039570
0 0.801899 0.288959 0.201266 0.044455
0 0.777848 0.246458 0.203797 0.055203
0 0.718354 0.214949 0.170886 0.052760
0 0.589873 0.163898 0.189873 0.066927
0 0.661392 0.187592 0.168354 0.055691
0 0.523418 0.130435 0.183544 0.054714
0 0.474684 0.096238 0.172152 0.050806
0 0.452532 0.056913 0.153165 0.045432
0 0.441772 0.019052 0.151899 0.038105
1 0.546835 0.500000 0.827848 1.000000
0 0.362658 0.965315 0.279747 0.061553
