0 0.436709 0.719590 0.204340 0.042013
0 0.485533 0.673913 0.193490 0.035662
0 0.507233 0.632633 0.189873 0.038105
0 0.521700 0.590376 0.193490 0.034685
0 0.534358 0.550806 0.175407 0.027846
0 0.537975 0.514411 0.164557 0.029311
0 0.521700 0.479726 0.164557 0.028334
0 0.499096 0.449194 0.137432 0.025892
0 0.482821 0.418173 0.137432 0.022472
0 0.490054 0.387152 0.126582 0.022960
0 0.504521 0.360039 0.122966 0.027357
0 0.533454 0.333170 0.130199 0.028334
0 0.561483 0.305569 0.135624 0.027846
0 0.598553 0.277479 0.104882 0.021495
0 0.607595 0.251099 0.126582 0.019541
0 0.602170 0.227406 0.130199 0.021983
0 0.601266 0.204201 0.117541 0.017587
0 0.594937 0.180508 0.122966 0.016121
0 0.597649 0.157548 0.117541 0.017098
1 0.495479 0.447728 0.441230 0.612115
