0 0.264273 0.757812 0.222836 0.041016
0 0.250460 0.711426 0.224678 0.041016
0 0.217311 0.670166 0.224678 0.035645
0 0.189687 0.626221 0.198895 0.026855
0 0.220074 0.589844 0.193370 0.039062
0 0.238490 0.549316 0.174954 0.034180
0 0.258748 0.512695 0.167587 0.036133
0 0.278085 0.475586 0.162063 0.029297
0 0.302026 0.445068 0.128913 0.027832
0 0.313996 0.415283 0.138122 0.026855
0 0.327808 0.390137 0.110497 0.024414
0 0.343462 0.367676 0.112339 0.018555
0 0.370166 0.347900 0.099448 0.022949
0 0.382136 0.324219 0.097606 0.016602
0 0.393186 0.305908 0.093923 0.017090
0 0.396869 0.282959 0.093923 0.019043
0 0.406077 0.259277 0.097606 0.018555
0 0.400552 0.236328 0.101289 0.017578
0 0.392265 0.214600 0.099448 0.019043
0 0.383978 0.191895 0.112339 0.023438
0 0.361878 0.171387 0.123389 0.022461
0 0.325967 0.153320 0.125230 0.025391
0 0.281768 0.137695 0.103131 0.021484
1 0.273481 0.454590 0.458564 0.674805
