0 0.501757 0.717773 0.202109 0.033203
0 0.480668 0.669678 0.184534 0.029785
0 0.479789 0.625244 0.182777 0.029785
0 0.486819 0.583740 0.172232 0.030762
0 0.508787 0.546143 0.163445 0.031738
0 0.529877 0.512207 0.166960 0.033203
0 0.541301 0.476318 0.137083 0.028809
0 0.550967 0.447510 0.128295 0.021973
0 0.545694 0.415771 0.138840 0.020996
0 0.535149 0.390625 0.117750 0.021484
0 0.532513 0.364746 0.119508 0.023438
0 0.514060 0.338379 0.114236 0.024414
0 0.495606 0.314209 0.112478 0.020996
0 0.489455 0.288330 0.121265 0.018066
0 0.485940 0.263184 0.107206 0.016602
0 0.478910 0.239990 0.131810 0.020020
0 0.478910 0.216797 0.142355 0.013672
1 0.501757 0.473633 0.339192 0.543945
