0 0.617006 0.960938 0.315407 0.070312
0 0.557413 0.878174 0.295058 0.077637
0 0.512355 0.808594 0.309593 0.073242
0 0.456395 0.732422 0.290698 0.064453
0 0.441860 0.657715 0.261628 0.056641
0 0.460756 0.588623 0.261628 0.064941
0 0.516715 0.528320 0.251453 0.067383
0 0.573401 0.469971 0.234012 0.058105
0 0.601017 0.415527 0.202035 0.050781
0 0.606831 0.359863 0.199128 0.048828
0 0.593023 0.310303 0.197674 0.050293
0 0.545058 0.260986 0.174419 0.049316
0 0.484738 0.218750 0.187500 0.050781
0 0.452762 0.167725 0.164244 0.045410
0 0.427326 0.124023 0.180233 0.038086
0 0.425872 0.078369 0.177326 0.034668
0 0.425872 0.037842 0.177326 0.035645
1 0.540698 0.503418 0.534884 0.988281
