0 0.545340 0.615967 0.125945 0.033691
0 0.521411 0.583252 0.123426 0.032715
0 0.508186 0.550781 0.117128 0.027344
0 0.506927 0.518555 0.109572 0.028320
0 0.521411 0.490479 0.110831 0.028809
0 0.528967 0.461914 0.098237 0.028320
0 0.530856 0.434082 0.086902 0.021484
0 0.538413 0.409180 0.086902 0.017578
0 0.534635 0.386475 0.074307 0.018066
0 0.521411 0.359863 0.075567 0.018555
0 0.514484 0.337891 0.074307 0.022461
0 0.507557 0.314697 0.068010 0.019043
0 0.502519 0.294434 0.073048 0.018555
0 0.506297 0.273926 0.080605 0.017578
0 0.510705 0.257324 0.079345 0.018555
0 0.521411 0.238037 0.078086 0.019043
1 0.539673 0.435303 0.215365 0.428223
