0 0.494275 0.724609 0.202290 0.034180
0 0.458015 0.682129 0.221374 0.032227
0 0.449427 0.643066 0.185115 0.031250
0 0.441794 0.604004 0.192748 0.028320
0 0.445611 0.567871 0.185115 0.030273
0 0.453244 0.531494 0.162214 0.027832
0 0.479008 0.500977 0.160305 0.028320
0 0.500954 0.472168 0.143130 0.027344
0 0.511450 0.446045 0.164122 0.024902
0 0.519084 0.417236 0.152672 0.023926
0 0.508588 0.389648 0.127863 0.023438
0 0.509542 0.364990 0.141221 0.018066
0 0.496183 0.344238 0.118321 0.019531
0 0.484733 0.322754 0.125954 0.019531
0 0.462786 0.299805 0.120229 0.019531
0 0.452290 0.274414 0.125954 0.017578
1 0.463740 0.505371 0.412214 0.499023
