0 0.653846 0.694092 0.388193 0.079590
0 0.624329 0.772217 0.393560 0.076660
0 0.567979 0.855469 0.398927 0.075195
0 0.554562 0.932861 0.404293 0.088379
0 0.711091 0.629883 0.373882 0.072266
0 0.727191 0.561279 0.373882 0.062012
0 0.741503 0.497803 0.334526 0.058105
0 0.659213 0.401611 0.313059 0.060059
0 0.718247 0.444824 0.305903 0.052734
0 0.504472 0.266357 0.275492 0.057129
0 0.564401 0.311279 0.262970 0.060059
0 0.618962 0.356689 0.275492 0.059082
0 0.457066 0.225586 0.237925 0.048828
0 0.440966 0.172363 0.220036 0.050781
0 0.442755 0.126221 0.237925 0.036621
0 0.448122 0.084229 0.230769 0.044434
0 0.467800 0.039307 0.237925 0.047363
1 0.616279 0.500244 0.688730 0.999512
