0 0.455083 0.715423 0.186761 0.037811
0 0.442080 0.661194 0.179669 0.044776
0 0.431442 0.613930 0.163121 0.039801
0 0.414894 0.570647 0.163121 0.036816
0 0.390071 0.532338 0.156028 0.043781
0 0.372340 0.492040 0.144208 0.040796
0 0.358156 0.456219 0.125296 0.030846
0 0.351064 0.421891 0.111111 0.029851
0 0.353428 0.389552 0.115839 0.030846
0 0.373522 0.356716 0.113475 0.030846
0 0.395981 0.327363 0.111111 0.027861
0 0.407801 0.299502 0.101655 0.023881
0 0.417258 0.270149 0.092199 0.026866
0 0.411348 0.240796 0.094563 0.021891
0 0.406619 0.207960 0.085106 0.023881
1 0.421986 0.468159 0.328605 0.562189
