0 0.525962 0.502686 0.309615 0.053223
0 0.543269 0.562988 0.332692 0.055664
0 0.565385 0.625488 0.307692 0.053711
0 0.488462 0.448975 0.315385 0.054199
0 0.460577 0.393799 0.298077 0.049316
0 0.442308 0.346680 0.300000 0.046875
0 0.444231 0.831543 0.411538 0.068359
0 0.510577 0.759766 0.390385 0.064453
0 0.521154 0.014893 0.257692 0.029785
0 0.525000 0.052734 0.261538 0.031250
0 0.507692 0.092041 0.242308 0.040527
0 0.484615 0.135254 0.223077 0.039062
0 0.466346 0.174805 0.228846 0.038086
0 0.440385 0.213379 0.219231 0.047852
0 0.435577 0.257812 0.240385 0.043945
0 0.435577 0.301758 0.259615 0.041992
0 0.546154 0.692383 0.346154 0.061523
1 0.485577 0.463623 0.644231 0.925293
