0 0.552767 0.433594 0.184041 0.044922
0 0.563707 0.481934 0.182754 0.048828
0 0.568855 0.534668 0.177606 0.043945
0 0.576577 0.593262 0.198198 0.046875
0 0.592021 0.719482 0.213642 0.056152
0 0.584299 0.651611 0.205920 0.053223
0 0.587516 0.787354 0.222651 0.057129
0 0.575933 0.858398 0.243243 0.069336
0 0.562420 0.932129 0.280566 0.066406
0 0.533462 0.387451 0.178893 0.043457
0 0.512870 0.343506 0.158301 0.043457
0 0.507722 0.293213 0.148005 0.043457
0 0.500644 0.249023 0.136422 0.040039
0 0.498069 0.156494 0.169884 0.039551
0 0.495495 0.204102 0.138996 0.036133
0 0.500000 0.110107 0.173745 0.037598
0 0.501931 0.029053 0.157014 0.032715
0 0.500000 0.074951 0.171171 0.032715
1 0.555341 0.500488 0.454311 0.999023
