0 0.572594 0.423584 0.244698 0.053223
0 0.604405 0.476318 0.236542 0.061035
0 0.677814 0.525879 0.285481 0.058594
0 0.539152 0.370850 0.252855 0.052246
0 0.742251 0.575195 0.342577 0.071289
0 0.748777 0.634033 0.398042 0.099121
0 0.506525 0.882080 0.389886 0.062012
0 0.510604 0.802246 0.362153 0.072266
0 0.558728 0.739502 0.363785 0.074707
0 0.641925 0.693848 0.376835 0.072266
0 0.466558 0.019775 0.212072 0.027832
0 0.469005 0.054688 0.213703 0.031250
0 0.471452 0.097412 0.205546 0.037598
0 0.462480 0.141602 0.213703 0.035156
0 0.477162 0.190674 0.203915 0.037598
0 0.483687 0.236816 0.190865 0.040039
0 0.493475 0.279053 0.220228 0.040527
0 0.508157 0.320557 0.239804 0.052246
1 0.603589 0.471191 0.789560 0.942383
