0 0.544964 0.704102 0.212230 0.040039
0 0.551259 0.660889 0.196043 0.031738
0 0.557554 0.617432 0.176259 0.032715
0 0.546763 0.578369 0.194245 0.032715
0 0.522482 0.539062 0.174460 0.032227
0 0.509892 0.506104 0.163669 0.031738
0 0.486511 0.473145 0.149281 0.024414
0 0.491007 0.442383 0.147482 0.025391
0 0.499101 0.411377 0.152878 0.026855
0 0.493705 0.380371 0.145683 0.025391
0 0.492806 0.351074 0.140288 0.023438
0 0.490108 0.324219 0.127698 0.023438
0 0.490108 0.298096 0.127698 0.022949
0 0.502698 0.271484 0.138489 0.024414
0 0.517086 0.244385 0.134892 0.025879
0 0.539568 0.220947 0.140288 0.023926
0 0.543165 0.196533 0.125899 0.018066
1 0.534173 0.460449 0.330935 0.563477
