0 0.627223 0.530288 0.288646 0.087445
0 0.702462 0.477284 0.272230 0.069370
0 0.501368 0.885686 0.362517 0.096727
0 0.435705 0.799707 0.316005 0.081094
0 0.517100 0.581094 0.328317 0.086468
0 0.447332 0.641426 0.320109 0.080117
0 0.406293 0.715193 0.303694 0.078163
0 0.422025 0.034929 0.192886 0.041524
0 0.435705 0.081583 0.206566 0.042013
0 0.444596 0.127748 0.224350 0.044455
0 0.452804 0.176844 0.248974 0.048852
0 0.503420 0.291158 0.273598 0.073278
0 0.688782 0.395213 0.291382 0.086957
0 0.583447 0.337079 0.299590 0.082071
0 0.468536 0.230826 0.264022 0.060088
0 0.551984 0.963361 0.384405 0.073278
1 0.575923 0.500000 0.725034 1.000000
