0 0.475432 0.717773 0.151394 0.043945
0 0.456175 0.666992 0.160691 0.045898
0 0.436255 0.622070 0.147410 0.041016
0 0.424967 0.574707 0.135458 0.036133
0 0.422975 0.535400 0.134130 0.030762
0 0.428951 0.495361 0.122178 0.026855
0 0.428287 0.460205 0.120850 0.028809
0 0.428951 0.427246 0.106242 0.027344
0 0.440239 0.395508 0.099602 0.027344
0 0.446879 0.365967 0.099602 0.025879
0 0.450199 0.335693 0.100930 0.028809
0 0.455511 0.306885 0.098274 0.024902
0 0.468792 0.278564 0.092961 0.020996
0 0.465471 0.255127 0.099602 0.021973
0 0.468127 0.226807 0.107570 0.021973
0 0.474768 0.200928 0.107570 0.020996
0 0.480744 0.177246 0.103586 0.017578
0 0.482072 0.156738 0.103586 0.018555
1 0.460159 0.447754 0.277556 0.613281
