0 0.486713 0.724475 0.167832 0.034196
0 0.510490 0.684172 0.165035 0.039570
0 0.545455 0.648510 0.148252 0.041524
0 0.562238 0.614802 0.134266 0.030777
0 0.569231 0.576698 0.142657 0.032731
0 0.556643 0.535173 0.134266 0.035662
0 0.534965 0.501466 0.138462 0.037616
0 0.496503 0.470200 0.117483 0.032731
0 0.476923 0.441866 0.103497 0.030777
0 0.479720 0.409868 0.111888 0.027357
0 0.496503 0.381045 0.106294 0.025403
0 0.517483 0.356131 0.109091 0.026380
0 0.534266 0.330484 0.109091 0.023937
0 0.558741 0.305081 0.104895 0.025892
0 0.572028 0.278945 0.092308 0.022472
0 0.565734 0.252809 0.102098 0.020029
0 0.573427 0.230337 0.103497 0.019052
1 0.518182 0.483635 0.314685 0.546165
