0 0.542918 0.661133 0.178827 0.040039
0 0.518598 0.616699 0.167382 0.040039
0 0.511445 0.568604 0.164521 0.034668
0 0.534335 0.525391 0.164521 0.041992
0 0.562947 0.488525 0.138770 0.038574
0 0.601574 0.452881 0.153076 0.041504
0 0.623748 0.423096 0.128755 0.033691
0 0.642346 0.388672 0.111588 0.027344
0 0.641631 0.360352 0.118741 0.023438
0 0.620887 0.335693 0.111588 0.026855
0 0.586552 0.312256 0.123033 0.032715
0 0.537911 0.292480 0.111588 0.031250
0 0.503577 0.270508 0.097282 0.025391
0 0.497854 0.240967 0.097282 0.023926
0 0.522175 0.217285 0.117310 0.024414
0 0.538627 0.192871 0.121602 0.023438
0 0.559371 0.166748 0.111588 0.021973
1 0.557940 0.420654 0.351931 0.552246
