0 0.417219 0.712158 0.218543 0.039551
0 0.430464 0.661621 0.195364 0.039062
0 0.442053 0.617676 0.195364 0.042969
0 0.461921 0.576416 0.188742 0.042480
0 0.500000 0.539307 0.188742 0.041504
0 0.529801 0.503906 0.175497 0.039062
0 0.573675 0.473877 0.144040 0.035645
0 0.600166 0.438477 0.134106 0.032227
0 0.610099 0.412842 0.134106 0.027832
0 0.584437 0.381592 0.112583 0.025879
0 0.554636 0.354004 0.139073 0.029297
0 0.509934 0.330322 0.135762 0.026855
0 0.475166 0.306885 0.125828 0.028809
0 0.459437 0.283936 0.114238 0.030762
0 0.445364 0.254639 0.119205 0.020020
0 0.455298 0.232666 0.125828 0.018066
0 0.467715 0.208496 0.137417 0.019531
0 0.478477 0.184814 0.132450 0.018066
1 0.485099 0.457764 0.430464 0.585449
