0 0.509669 0.704834 0.154696 0.030762
0 0.508978 0.661865 0.142265 0.034668
0 0.522790 0.621094 0.145028 0.032227
0 0.537293 0.583496 0.140884 0.032227
0 0.546961 0.546387 0.129834 0.030273
0 0.558702 0.513184 0.122928 0.029297
0 0.556630 0.478760 0.113260 0.024902
0 0.556630 0.450684 0.107735 0.023438
0 0.547652 0.422363 0.098066 0.024414
0 0.531768 0.395996 0.104972 0.025391
0 0.519337 0.368164 0.091160 0.023438
0 0.502072 0.344727 0.098066 0.023438
0 0.490331 0.318848 0.093923 0.018555
0 0.484807 0.292725 0.091160 0.020996
0 0.494475 0.266357 0.091160 0.020996
0 0.499309 0.242676 0.098066 0.020508
0 0.502072 0.221436 0.092541 0.020020
0 0.500691 0.200195 0.089779 0.017578
1 0.522790 0.456787 0.269337 0.555176
