0 0.524390 0.677490 0.209756 0.043457
0 0.540650 0.630371 0.200000 0.041992
0 0.570732 0.587646 0.211382 0.045410
0 0.580488 0.548828 0.204878 0.038086
0 0.597561 0.510498 0.170732 0.032715
0 0.606504 0.476074 0.143089 0.026367
0 0.592683 0.445068 0.147967 0.025879
0 0.566667 0.415283 0.157724 0.031738
0 0.541463 0.390137 0.133333 0.027344
0 0.509756 0.366211 0.141463 0.030273
0 0.484553 0.342041 0.136585 0.029785
0 0.462602 0.317139 0.131707 0.024902
0 0.452846 0.290527 0.125203 0.021484
0 0.451220 0.264893 0.112195 0.023926
0 0.455285 0.239258 0.123577 0.021484
0 0.460163 0.215820 0.136585 0.022461
1 0.534146 0.452881 0.401626 0.513184
