0 0.357301 0.636719 0.128319 0.037109
0 0.380531 0.589600 0.146018 0.050293
0 0.402655 0.546143 0.137168 0.040527
0 0.431416 0.500244 0.121681 0.031738
0 0.443031 0.459229 0.107301 0.032715
0 0.445243 0.420166 0.100664 0.028809
0 0.443584 0.384521 0.099558 0.028809
0 0.447456 0.353271 0.096239 0.031738
0 0.470686 0.321533 0.102876 0.030762
0 0.501106 0.295410 0.103982 0.036133
0 0.536504 0.270264 0.088496 0.032715
0 0.581305 0.246582 0.091814 0.033203
0 0.622788 0.219971 0.090708 0.030762
0 0.644912 0.198242 0.081858 0.028320
0 0.671460 0.170898 0.099558 0.030273
0 0.695243 0.150391 0.100664 0.032227
1 0.518805 0.396729 0.537611 0.540527
