0 0.367038 0.631656 0.335987 0.078163
0 0.441083 0.691500 0.343949 0.083537
0 0.524682 0.763312 0.348726 0.076698
0 0.571656 0.841964 0.343949 0.084514
0 0.285032 0.578163 0.289809 0.064973
0 0.204618 0.471666 0.237261 0.048363
0 0.226911 0.520518 0.262739 0.060088
0 0.192675 0.425256 0.207006 0.042501
0 0.197452 0.373962 0.222930 0.049340
0 0.218949 0.328774 0.202229 0.051783
0 0.263535 0.283341 0.224522 0.055691
0 0.315287 0.244260 0.210191 0.045921
0 0.361465 0.200293 0.171975 0.042013
0 0.385350 0.157303 0.207006 0.043967
0 0.410828 0.117245 0.222930 0.038105
0 0.425159 0.075965 0.216561 0.039570
0 0.432325 0.035418 0.189490 0.032731
1 0.418790 0.468735 0.777070 0.931607
