0 0.457082 0.661133 0.178827 0.040039
0 0.481402 0.616699 0.167382 0.040039
0 0.488555 0.568604 0.164521 0.034668
0 0.465665 0.525391 0.164521 0.041992
0 0.437053 0.488525 0.138770 0.038574
0 0.398426 0.452881 0.153076 0.041504
0 0.376252 0.423096 0.128755 0.033691
0 0.357654 0.388672 0.111588 0.027344
0 0.358369 0.360352 0.118741 0.023438
0 0.379113 0.335693 0.111588 0.026855
0 0.413448 0.312256 0.123033 0.032715
0 0.462089 0.292480 0.111588 0.031250
0 0.496423 0.270508 0.097282 0.025391
0 0.502146 0.240967 0.097282 0.023926
0 0.477825 0.217285 0.117310 0.024414
0 0.461373 0.192871 0.121602 0.023438
0 0.440629 0.166748 0.111588 0.021973
1 0.442060 0.420654 0.351931 0.552246
