0 0.517787 0.648999 0.152833 0.038593
0 0.532279 0.694187 0.163373 0.030288
0 0.505270 0.605276 0.146245 0.035173
0 0.484190 0.563996 0.140975 0.038593
0 0.477602 0.524426 0.140975 0.032731
0 0.474967 0.487054 0.127800 0.032242
0 0.470356 0.451637 0.113307 0.025892
0 0.469038 0.420616 0.110672 0.025403
0 0.473650 0.389839 0.104084 0.023449
0 0.478261 0.361993 0.105402 0.018564
0 0.486166 0.333170 0.092227 0.025403
0 0.494071 0.307279 0.092227 0.023449
0 0.515810 0.281387 0.088274 0.027357
0 0.536232 0.256717 0.100132 0.024915
0 0.557971 0.232047 0.104084 0.028334
0 0.577075 0.204201 0.110672 0.020518
0 0.586298 0.179043 0.108037 0.018075
0 0.592885 0.157059 0.092227 0.018075
1 0.519763 0.431851 0.314888 0.584270
