0 0.549867 0.027100 0.160904 0.031738
0 0.535904 0.069824 0.175532 0.041992
0 0.537234 0.109375 0.178191 0.033203
0 0.532580 0.150146 0.160904 0.042480
0 0.517952 0.196777 0.163564 0.043945
0 0.438830 0.937744 0.313830 0.066895
0 0.446809 0.852539 0.287234 0.066406
0 0.438165 0.770996 0.285904 0.064453
0 0.434840 0.695557 0.279255 0.067871
0 0.371676 0.562256 0.259309 0.062988
0 0.410239 0.624268 0.269947 0.066895
0 0.332447 0.506348 0.226064 0.059570
0 0.318484 0.457764 0.216755 0.044434
0 0.317819 0.407471 0.215426 0.044434
0 0.340426 0.362549 0.220745 0.048340
0 0.380319 0.322266 0.223404 0.054688
0 0.428191 0.279053 0.210106 0.051270
0 0.480718 0.240234 0.184840 0.051758
1 0.510638 0.326904 0.047872 0.046387
1 0.440160 0.410156 0.018617 0.042969
1 0.254654 0.300537 0.067819 0.046387
