0 0.380952 0.739502 0.150987 0.042480
0 0.367596 0.697021 0.145180 0.032715
0 0.355401 0.655518 0.132404 0.029785
0 0.358304 0.614990 0.117305 0.025879
0 0.357724 0.579102 0.118467 0.022461
0 0.362950 0.546143 0.105691 0.024902
0 0.365854 0.516602 0.106852 0.020508
0 0.376887 0.488770 0.101045 0.024414
0 0.378049 0.460693 0.091754 0.020020
0 0.391986 0.433105 0.084785 0.020508
0 0.398374 0.407227 0.090592 0.021484
0 0.404181 0.379395 0.092915 0.025391
0 0.412892 0.353516 0.094077 0.021484
0 0.414634 0.329834 0.092915 0.017090
0 0.419861 0.304199 0.103368 0.020508
0 0.423926 0.280518 0.109175 0.018066
0 0.424506 0.261475 0.105691 0.013184
1 0.384437 0.508057 0.232288 0.520996
