0 0.506562 0.712676 0.120735 0.042254
0 0.524934 0.659155 0.104987 0.039437
0 0.531496 0.605634 0.107612 0.033803
0 0.519685 0.558451 0.115486 0.032394
0 0.506562 0.487324 0.110236 0.042254
0 0.485564 0.442958 0.104987 0.038028
0 0.471129 0.404225 0.091864 0.033803
0 0.467192 0.364085 0.083990 0.029577
0 0.471129 0.327465 0.086614 0.035211
0 0.492126 0.295775 0.081365 0.036620
0 0.519685 0.264789 0.078740 0.036620
0 0.541995 0.235211 0.081365 0.033803
0 0.561680 0.204930 0.062992 0.026761
0 0.559055 0.173239 0.073491 0.025352
0 0.553806 0.143662 0.073491 0.022535
0 0.543307 0.112676 0.078740 0.025352
0 0.545932 0.084507 0.073491 0.022535
1 0.505249 0.410563 0.254593 0.719718
