0 0.494141 0.728027 0.095052 0.047852
0 0.501953 0.674316 0.087240 0.043945
0 0.505208 0.622559 0.085938 0.041992
0 0.502604 0.573242 0.078125 0.035156
0 0.497396 0.526367 0.078125 0.042969
0 0.488932 0.484863 0.071615 0.040039
0 0.483724 0.447754 0.074219 0.041992
0 0.473958 0.410156 0.067708 0.037109
0 0.470703 0.375977 0.061198 0.033203
0 0.469401 0.339844 0.058594 0.031250
0 0.474609 0.305176 0.055990 0.032227
0 0.480469 0.273926 0.054688 0.030273
0 0.483724 0.240234 0.050781 0.031250
0 0.482422 0.206055 0.055990 0.031250
0 0.475260 0.177246 0.059896 0.030273
0 0.470052 0.153320 0.057292 0.023438
1 0.485677 0.446289 0.148438 0.654297
