0 0.496829 0.793945 0.186047 0.060547
0 0.466173 0.738770 0.150106 0.049805
0 0.449260 0.687012 0.133192 0.041992
0 0.455603 0.635254 0.145877 0.047852
0 0.480973 0.589844 0.141649 0.048828
0 0.513742 0.549316 0.135307 0.049805
0 0.543340 0.510742 0.122622 0.044922
0 0.557082 0.473145 0.103594 0.032227
0 0.551797 0.436523 0.105708 0.033203
0 0.533827 0.405762 0.099366 0.034180
0 0.519027 0.375488 0.103594 0.036133
0 0.505285 0.344238 0.097252 0.032227
0 0.491543 0.312012 0.086681 0.036133
0 0.490486 0.274902 0.105708 0.028320
0 0.492600 0.245605 0.101480 0.028320
0 0.502114 0.220703 0.103594 0.025391
1 0.501057 0.509766 0.329810 0.662109
