0 0.446612 0.750977 0.199179 0.041016
0 0.425051 0.700195 0.156057 0.044922
0 0.431211 0.646484 0.143737 0.050781
0 0.456879 0.592773 0.154004 0.054688
0 0.504107 0.548828 0.149897 0.052734
0 0.545175 0.508789 0.133470 0.050781
0 0.580082 0.470703 0.129363 0.046875
0 0.592402 0.437500 0.108830 0.039062
0 0.606776 0.402344 0.104723 0.033203
0 0.600616 0.368164 0.096509 0.033203
0 0.577002 0.338867 0.094456 0.033203
0 0.544148 0.312012 0.102669 0.036133
0 0.517454 0.286133 0.094456 0.033203
0 0.495893 0.259766 0.084189 0.031250
0 0.485626 0.232910 0.080082 0.026367
0 0.486653 0.203613 0.090349 0.026367
0 0.496920 0.178223 0.094456 0.026367
1 0.492813 0.474121 0.427105 0.655273
