0 0.451232 0.722900 0.171458 0.063965
0 0.426591 0.673828 0.173511 0.055664
0 0.407598 0.634521 0.151951 0.038574
0 0.396817 0.587646 0.138604 0.045410
0 0.405544 0.538330 0.143737 0.044434
0 0.423511 0.494141 0.146817 0.048828
0 0.439938 0.455322 0.138604 0.048340
0 0.453285 0.413574 0.132444 0.041992
0 0.466632 0.378906 0.130390 0.039062
0 0.481520 0.336426 0.125257 0.035156
0 0.480493 0.299316 0.112936 0.039062
0 0.460472 0.264893 0.111910 0.041504
0 0.443018 0.230713 0.099589 0.038574
0 0.422485 0.195068 0.105749 0.042480
0 0.416324 0.159668 0.107803 0.033203
0 0.414271 0.124268 0.103696 0.030762
0 0.408624 0.093506 0.121150 0.026855
0 0.400924 0.067139 0.138604 0.026855
1 0.449692 0.404541 0.305955 0.746582
