0 0.480408 0.736816 0.148903 0.075195
0 0.539969 0.715820 0.117555 0.056641
0 0.578370 0.685547 0.112853 0.054688
0 0.597179 0.634277 0.122257 0.055664
0 0.585423 0.573242 0.126959 0.052734
0 0.529781 0.530273 0.131661 0.060547
0 0.460815 0.496582 0.125392 0.077148
0 0.415361 0.459473 0.125392 0.071289
0 0.380878 0.430664 0.134796 0.054688
0 0.374608 0.387207 0.125392 0.043945
0 0.387147 0.344727 0.134796 0.050781
0 0.426332 0.311035 0.122257 0.059570
0 0.466301 0.282227 0.114420 0.060547
0 0.503135 0.250977 0.109718 0.060547
0 0.527429 0.216797 0.092476 0.044922
0 0.541536 0.179688 0.079937 0.046875
1 0.469436 0.463867 0.434169 0.673828
