0 0.490276 0.677490 0.135107 0.043457
0 0.460594 0.633545 0.135107 0.046387
0 0.428352 0.593750 0.121801 0.042969
0 0.424770 0.550049 0.116684 0.036621
0 0.443193 0.513428 0.131013 0.034668
0 0.473900 0.480713 0.112590 0.042480
0 0.506141 0.449463 0.101331 0.035645
0 0.524565 0.421631 0.099284 0.033691
0 0.536336 0.390869 0.083930 0.024902
0 0.537359 0.360596 0.083930 0.027832
0 0.531730 0.333984 0.080860 0.029297
0 0.512794 0.309570 0.077789 0.030273
0 0.489765 0.285400 0.072671 0.027832
0 0.475947 0.261475 0.061412 0.022949
0 0.472876 0.234863 0.063460 0.020508
0 0.476970 0.211914 0.071648 0.020508
0 0.485670 0.186279 0.080860 0.020020
1 0.473388 0.439941 0.281474 0.556641
