0 0.618267 0.807767 0.175644 0.050318
0 0.628220 0.755496 0.160422 0.037616
0 0.618267 0.703468 0.161593 0.040059
0 0.583724 0.658525 0.160422 0.047875
0 0.539227 0.616756 0.151054 0.042501
0 0.505855 0.580606 0.142857 0.046409
0 0.462529 0.540791 0.131148 0.041036
0 0.429157 0.508549 0.118267 0.035173
0 0.413934 0.475085 0.104215 0.025892
0 0.407494 0.440156 0.091335 0.023449
0 0.411593 0.408158 0.099532 0.023937
0 0.423888 0.378603 0.088993 0.026380
0 0.430913 0.347582 0.084309 0.021983
0 0.437354 0.318026 0.071429 0.021495
0 0.438525 0.288471 0.080796 0.022960
0 0.435597 0.257938 0.086651 0.020518
1 0.526347 0.536150 0.579625 0.640449
