0 0.532743 0.776210 0.123894 0.056452
0 0.564602 0.726310 0.130973 0.055444
0 0.590265 0.676915 0.115044 0.045363
0 0.594690 0.625504 0.095575 0.041331
0 0.574336 0.582661 0.104425 0.044355
0 0.541593 0.543347 0.102655 0.046371
0 0.517699 0.508569 0.090265 0.033266
0 0.494690 0.474798 0.079646 0.034274
0 0.485841 0.438004 0.076106 0.031250
0 0.489381 0.410786 0.069027 0.013105
0 0.492035 0.382560 0.067257 0.027218
0 0.499115 0.344254 0.063717 0.029234
0 0.504425 0.310988 0.063717 0.033266
0 0.512389 0.279234 0.061947 0.026210
0 0.523009 0.246472 0.061947 0.029234
0 0.528319 0.214718 0.058407 0.026210
1 0.532743 0.532762 0.353982 0.720766
