0 0.620879 0.926270 0.185348 0.079102
0 0.567399 0.852295 0.170696 0.088379
0 0.508791 0.785156 0.161905 0.092773
0 0.457143 0.723145 0.156777 0.085938
0 0.409890 0.665771 0.128205 0.074707
0 0.381685 0.608154 0.109890 0.056152
0 0.371062 0.552002 0.095971 0.051270
0 0.378755 0.497314 0.101099 0.056152
0 0.404396 0.454346 0.108425 0.060059
0 0.440659 0.411377 0.107692 0.059082
0 0.479121 0.371094 0.112821 0.058594
0 0.504396 0.329834 0.107692 0.056152
0 0.516117 0.281738 0.100366 0.041992
0 0.522711 0.236084 0.107692 0.035645
0 0.519414 0.187744 0.105495 0.047363
1 0.501832 0.551270 0.492308 0.879883
