0 0.601036 0.844238 0.191710 0.049805
0 0.560881 0.790527 0.173575 0.047852
0 0.514249 0.755859 0.158031 0.039062
0 0.471503 0.724121 0.170984 0.051758
0 0.424870 0.684570 0.160622 0.048828
0 0.396373 0.646484 0.124352 0.044922
0 0.401554 0.598633 0.113990 0.037109
0 0.427461 0.562988 0.129534 0.036133
0 0.445596 0.527832 0.119171 0.038086
0 0.468912 0.494629 0.113990 0.032227
0 0.479275 0.461914 0.108808 0.029297
0 0.472798 0.425781 0.121762 0.033203
0 0.455959 0.395020 0.103627 0.026367
0 0.439119 0.360840 0.095855 0.028320
0 0.433938 0.331055 0.085492 0.023438
0 0.443005 0.296875 0.088083 0.027344
1 0.502591 0.584961 0.518135 0.654297
