0 0.461720 0.748535 0.155477 0.058594
0 0.520024 0.715576 0.137809 0.048340
0 0.579505 0.685303 0.141343 0.050293
0 0.625442 0.650879 0.124853 0.040039
0 0.624853 0.609375 0.128386 0.033203
0 0.594229 0.576416 0.126031 0.042480
0 0.550059 0.545654 0.115430 0.041504
0 0.512367 0.518555 0.108363 0.038086
0 0.479976 0.489258 0.104829 0.031250
0 0.468787 0.461914 0.103651 0.025391
0 0.471731 0.432861 0.095406 0.020996
0 0.471143 0.405273 0.082450 0.025391
0 0.487633 0.379883 0.087161 0.024414
0 0.499411 0.354736 0.087161 0.024902
0 0.511779 0.331299 0.076561 0.019043
0 0.519435 0.308838 0.070671 0.020020
0 0.528269 0.284180 0.076561 0.022461
0 0.530035 0.262207 0.077739 0.018555
1 0.529446 0.517090 0.396938 0.564453
