0 0.455000 0.713623 0.137500 0.034668
0 0.443125 0.665283 0.133750 0.040527
0 0.428750 0.623291 0.127500 0.033691
0 0.432500 0.583252 0.130000 0.038574
0 0.450625 0.546875 0.136250 0.041016
0 0.482500 0.512939 0.137500 0.040527
0 0.515000 0.478516 0.140000 0.037109
0 0.540000 0.449463 0.130000 0.033691
0 0.553750 0.418457 0.105000 0.025391
0 0.553125 0.390381 0.101250 0.025879
0 0.538750 0.364258 0.100000 0.029297
0 0.516875 0.338135 0.098750 0.029785
0 0.503750 0.312256 0.082500 0.027832
0 0.495000 0.287354 0.082500 0.022949
0 0.491250 0.262939 0.090000 0.019043
0 0.498125 0.240479 0.098750 0.019043
1 0.483125 0.484863 0.301250 0.537109
