0 0.484576 0.707631 0.167095 0.049554
0 0.453728 0.667493 0.146530 0.040634
0 0.431877 0.631814 0.149100 0.036670
0 0.419023 0.596630 0.138817 0.035679
0 0.433162 0.560951 0.136247 0.027750
0 0.449871 0.532706 0.133676 0.032706
0 0.475578 0.510406 0.128535 0.029732
0 0.497429 0.488603 0.131105 0.031715
0 0.510283 0.461348 0.125964 0.024777
0 0.510283 0.435580 0.125964 0.022795
0 0.501285 0.411298 0.118252 0.025768
0 0.484576 0.385530 0.110540 0.029732
0 0.469152 0.361744 0.110540 0.027750
0 0.455013 0.341923 0.107969 0.025768
0 0.448586 0.318632 0.115681 0.018831
0 0.444730 0.291873 0.123393 0.026759
1 0.465296 0.505946 0.359897 0.506442
