0 0.423704 0.702637 0.139259 0.041992
0 0.422222 0.650879 0.139259 0.053711
0 0.413333 0.590820 0.115556 0.056641
0 0.434074 0.537598 0.115556 0.053711
0 0.460741 0.488281 0.112593 0.058594
0 0.491111 0.443359 0.102222 0.054688
0 0.514074 0.400391 0.091852 0.046875
0 0.525926 0.360352 0.082963 0.035156
0 0.533333 0.320312 0.080000 0.035156
0 0.522963 0.284180 0.077037 0.037109
0 0.501481 0.253418 0.078519 0.040039
0 0.475556 0.222168 0.077037 0.041992
0 0.452593 0.195801 0.081481 0.040039
0 0.433333 0.166992 0.072593 0.037109
0 0.425185 0.133789 0.068148 0.031250
0 0.420741 0.100586 0.071111 0.025391
0 0.426667 0.065918 0.074074 0.022461
1 0.475556 0.388672 0.299259 0.707031
