0 0.429231 0.762470 0.132308 0.028504
0 0.432308 0.721694 0.120000 0.035629
0 0.438462 0.677356 0.123077 0.035629
0 0.447692 0.634600 0.113846 0.038797
0 0.455385 0.592637 0.113846 0.041964
0 0.459231 0.551069 0.118462 0.036421
0 0.464615 0.513064 0.104615 0.031671
0 0.463846 0.476643 0.100000 0.030087
0 0.463077 0.441409 0.098462 0.029295
0 0.458462 0.408551 0.092308 0.031671
0 0.453846 0.373317 0.086154 0.030879
0 0.455385 0.338876 0.086154 0.031671
0 0.450769 0.305622 0.080000 0.031671
0 0.443846 0.273159 0.075385 0.022169
0 0.440000 0.245051 0.076923 0.021378
0 0.439231 0.218923 0.084615 0.021378
0 0.435385 0.195962 0.095385 0.019794
1 0.443077 0.482977 0.261538 0.633413
