0 0.467714 0.680176 0.157068 0.067383
0 0.495637 0.623535 0.143106 0.063477
0 0.517452 0.567383 0.137871 0.048828
0 0.523560 0.516113 0.125654 0.045898
0 0.526178 0.462891 0.120419 0.042969
0 0.516579 0.419922 0.111693 0.042969
0 0.506981 0.376953 0.099476 0.037109
0 0.511344 0.340332 0.094241 0.028320
0 0.514834 0.308594 0.083770 0.029297
0 0.522688 0.272949 0.075044 0.036133
0 0.533159 0.236328 0.075044 0.029297
0 0.538394 0.206543 0.078534 0.028320
0 0.542757 0.173828 0.073298 0.029297
0 0.539267 0.143555 0.080279 0.033203
0 0.527923 0.113281 0.089005 0.037109
0 0.513962 0.083984 0.089005 0.033203
1 0.476440 0.405273 0.314136 0.724609
