0 0.474199 0.777344 0.133452 0.052734
0 0.512456 0.731445 0.128114 0.052734
0 0.547153 0.690918 0.122776 0.049805
0 0.556940 0.647461 0.106762 0.037109
0 0.552491 0.607910 0.097865 0.040039
0 0.529359 0.571289 0.101423 0.044922
0 0.507117 0.536621 0.092527 0.038086
0 0.494662 0.504883 0.085409 0.033203
0 0.483986 0.475586 0.074733 0.027344
0 0.483986 0.444824 0.074733 0.026367
0 0.493772 0.417969 0.072954 0.029297
0 0.510676 0.394043 0.071174 0.034180
0 0.534698 0.369629 0.069395 0.030273
0 0.541815 0.344238 0.062278 0.026367
0 0.546263 0.321289 0.067616 0.021484
0 0.548043 0.295410 0.071174 0.022461
0 0.549822 0.270020 0.078292 0.018555
1 0.491103 0.536133 0.291815 0.626953
