0 0.554348 0.644531 0.112319 0.052734
0 0.521739 0.606445 0.108696 0.048828
0 0.485507 0.535156 0.108696 0.041016
0 0.481884 0.500977 0.090580 0.035156
0 0.484601 0.467285 0.092391 0.028320
0 0.484601 0.432617 0.085145 0.027344
0 0.490036 0.396484 0.074275 0.031250
0 0.486413 0.363281 0.074275 0.027344
0 0.480072 0.330566 0.079710 0.028320
0 0.471014 0.298828 0.083333 0.029297
0 0.477355 0.269043 0.077899 0.020508
0 0.481884 0.239258 0.083333 0.029297
0 0.476449 0.207031 0.086957 0.027344
0 0.497283 0.567871 0.106884 0.045898
1 0.516304 0.435547 0.257246 0.507812
