0 0.448852 0.809082 0.154489 0.051758
0 0.475992 0.851562 0.167015 0.060547
0 0.433194 0.762207 0.156576 0.045898
0 0.433194 0.708008 0.160752 0.042969
0 0.459290 0.664062 0.154489 0.048828
0 0.488518 0.624512 0.137787 0.041992
0 0.522965 0.587402 0.144050 0.047852
0 0.555324 0.548828 0.125261 0.041016
0 0.574113 0.515137 0.129436 0.043945
0 0.588727 0.479004 0.104384 0.036133
0 0.592902 0.442871 0.104384 0.032227
0 0.582463 0.411133 0.100209 0.035156
0 0.570981 0.379883 0.098121 0.031250
0 0.554280 0.347656 0.093946 0.029297
0 0.548017 0.317383 0.089770 0.029297
0 0.542797 0.285645 0.108559 0.028320
0 0.541754 0.256836 0.110647 0.021484
1 0.511482 0.576660 0.354906 0.680664
