0 0.483483 0.752907 0.132132 0.026163
0 0.475976 0.719477 0.141141 0.031977
0 0.466967 0.678052 0.117117 0.039244
0 0.457958 0.630814 0.123123 0.037791
0 0.465465 0.587209 0.126126 0.040698
0 0.483483 0.544331 0.144144 0.045058
0 0.504505 0.504360 0.138138 0.052326
0 0.530030 0.463663 0.135135 0.046512
0 0.546547 0.428779 0.114114 0.034884
0 0.558559 0.399709 0.096096 0.017442
0 0.557057 0.377907 0.099099 0.023256
0 0.545045 0.348110 0.105105 0.036337
0 0.531532 0.316134 0.096096 0.042151
0 0.503003 0.284884 0.099099 0.040698
0 0.478979 0.251453 0.081081 0.037791
0 0.463964 0.220930 0.081081 0.031977
0 0.457958 0.188227 0.093093 0.024709
0 0.459459 0.160610 0.096096 0.021802
0 0.457958 0.136628 0.087087 0.023256
1 0.500000 0.436773 0.279279 0.681686
