0 0.484472 0.699707 0.136646 0.041992
0 0.497930 0.657715 0.122153 0.036133
0 0.508282 0.612793 0.118012 0.036133
0 0.494824 0.573730 0.115942 0.032227
0 0.473085 0.540039 0.113872 0.031250
0 0.452381 0.505859 0.113872 0.039062
0 0.434783 0.475098 0.103520 0.034180
0 0.423395 0.444336 0.080745 0.031250
0 0.417184 0.412109 0.076605 0.025391
0 0.424431 0.381836 0.078675 0.027344
0 0.443064 0.354492 0.078675 0.027344
0 0.458592 0.329102 0.084886 0.029297
0 0.478261 0.304688 0.086957 0.033203
0 0.498965 0.283691 0.082816 0.028320
1 0.467909 0.496094 0.293996 0.492188
