0 0.512415 0.788574 0.144470 0.030273
0 0.501129 0.756836 0.126411 0.023438
0 0.474041 0.730957 0.108352 0.022461
0 0.461625 0.696777 0.110609 0.034180
0 0.477427 0.657227 0.115124 0.033203
0 0.502257 0.620605 0.119639 0.041992
0 0.529345 0.586426 0.128668 0.038086
0 0.551919 0.555664 0.097065 0.031250
0 0.564334 0.525879 0.085779 0.026367
0 0.559819 0.496094 0.090293 0.025391
0 0.539503 0.470703 0.094808 0.031250
0 0.512415 0.444824 0.085779 0.032227
0 0.485327 0.420898 0.085779 0.029297
0 0.466140 0.397949 0.083521 0.024414
0 0.460497 0.371094 0.072235 0.019531
0 0.460497 0.345703 0.072235 0.017578
0 0.465011 0.320312 0.072235 0.019531
0 0.467269 0.296387 0.072235 0.016602
1 0.519187 0.538086 0.288939 0.576172
