0 0.576296 0.702637 0.139259 0.041992
0 0.577778 0.650879 0.139259 0.053711
0 0.586667 0.590820 0.115556 0.056641
0 0.565926 0.537598 0.115556 0.053711
0 0.539259 0.488281 0.112593 0.058594
0 0.508889 0.443359 0.102222 0.054688
0 0.485926 0.400391 0.091852 0.046875
0 0.474074 0.360352 0.082963 0.035156
0 0.466667 0.320312 0.080000 0.035156
0 0.477037 0.284180 0.077037 0.037109
0 0.498519 0.253418 0.078519 0.040039
0 0.524444 0.222168 0.077037 0.041992
0 0.547407 0.195801 0.081481 0.040039
0 0.566667 0.166992 0.072593 0.037109
0 0.574815 0.133789 0.068148 0.031250
0 0.579259 0.100586 0.071111 0.025391
0 0.573333 0.065918 0.074074 0.022461
1 0.524444 0.388672 0.299259 0.707031
