0 0.544750 0.566895 0.149742 0.067383
0 0.592083 0.513184 0.154905 0.075195
0 0.646299 0.466797 0.139415 0.066406
0 0.687608 0.423340 0.129088 0.061523
0 0.691050 0.379883 0.122203 0.042969
0 0.668675 0.334473 0.129088 0.036133
0 0.638554 0.294434 0.130809 0.045898
0 0.614458 0.261719 0.117040 0.044922
0 0.590361 0.222168 0.117040 0.047852
0 0.573150 0.183105 0.092943 0.040039
0 0.569707 0.147461 0.099828 0.037109
0 0.568847 0.109375 0.098107 0.029297
0 0.583477 0.077637 0.086059 0.032227
0 0.589501 0.044922 0.087780 0.035156
0 0.602410 0.015625 0.075731 0.025391
1 0.601549 0.321777 0.366609 0.635742
