0 0.553388 0.750977 0.199179 0.041016
0 0.574949 0.700195 0.156057 0.044922
0 0.568789 0.646484 0.143737 0.050781
0 0.543121 0.592773 0.154004 0.054688
0 0.495893 0.548828 0.149897 0.052734
0 0.454825 0.508789 0.133470 0.050781
0 0.419918 0.470703 0.129363 0.046875
0 0.407598 0.437500 0.108830 0.039062
0 0.393224 0.402344 0.104723 0.033203
0 0.399384 0.368164 0.096509 0.033203
0 0.422998 0.338867 0.094456 0.033203
0 0.455852 0.312012 0.102669 0.036133
0 0.482546 0.286133 0.094456 0.033203
0 0.504107 0.259766 0.084189 0.031250
0 0.514374 0.232910 0.080082 0.026367
0 0.513347 0.203613 0.090349 0.026367
0 0.503080 0.178223 0.094456 0.026367
1 0.507187 0.474121 0.427105 0.655273
