0 0.485095 0.758789 0.151762 0.041016
0 0.452575 0.720703 0.135501 0.037109
0 0.424119 0.688965 0.127371 0.038086
0 0.413279 0.656738 0.132791 0.034180
0 0.413279 0.621094 0.143631 0.029297
0 0.430894 0.588379 0.151762 0.040039
0 0.453930 0.556641 0.132791 0.033203
0 0.472900 0.526367 0.138211 0.031250
0 0.479675 0.499512 0.124661 0.026367
0 0.479675 0.470215 0.113821 0.026367
0 0.453930 0.446289 0.105691 0.031250
0 0.430894 0.417969 0.102981 0.029297
0 0.409214 0.393555 0.092141 0.025391
0 0.398374 0.371582 0.097561 0.018555
0 0.392954 0.353027 0.097561 0.018555
0 0.391599 0.336914 0.100271 0.013672
1 0.471545 0.554688 0.368564 0.507812
