0 0.487310 0.657227 0.091371 0.041016
0 0.478849 0.615723 0.087986 0.032227
0 0.477157 0.577148 0.081218 0.029297
0 0.483080 0.540039 0.082910 0.029297
0 0.488156 0.506348 0.076142 0.028320
0 0.497462 0.474121 0.084602 0.028320
0 0.503384 0.444336 0.076142 0.025391
0 0.504230 0.417480 0.064298 0.022461
0 0.500846 0.390137 0.064298 0.022461
0 0.492386 0.365723 0.067682 0.024414
0 0.484772 0.343750 0.069374 0.025391
0 0.475465 0.318848 0.060914 0.024414
0 0.471235 0.291504 0.049069 0.022461
1 0.490694 0.483398 0.203046 0.447266
