0 0.517253 0.870117 0.151693 0.050781
0 0.509440 0.794434 0.141276 0.057617
0 0.510742 0.716553 0.134766 0.058105
0 0.512370 0.652344 0.117188 0.043945
0 0.514648 0.592285 0.125651 0.045898
0 0.509115 0.532227 0.115885 0.040039
0 0.508138 0.481689 0.103516 0.042480
0 0.505859 0.428223 0.097656 0.040039
0 0.506185 0.381592 0.100911 0.038574
0 0.510417 0.336426 0.093750 0.040039
0 0.505208 0.296387 0.089844 0.034180
0 0.503255 0.253418 0.082031 0.045898
0 0.503255 0.208740 0.082031 0.035645
0 0.501628 0.167725 0.089193 0.031738
0 0.498047 0.130859 0.097656 0.031250
2 0.506510 0.521973 0.222656 0.874023
