0 0.470721 0.660156 0.144144 0.050781
0 0.513514 0.615234 0.139640 0.050781
0 0.557432 0.578125 0.128378 0.042969
0 0.586712 0.543457 0.119369 0.043945
0 0.572072 0.500977 0.117117 0.037109
0 0.552928 0.467285 0.123874 0.022461
0 0.518018 0.437988 0.117117 0.036133
0 0.497748 0.408691 0.103604 0.030273
0 0.492117 0.378906 0.096847 0.029297
0 0.498874 0.347656 0.092342 0.025391
0 0.506757 0.316406 0.094595 0.027344
0 0.514640 0.289062 0.078829 0.027344
0 0.514640 0.259766 0.065315 0.027344
0 0.511261 0.231445 0.072072 0.027344
1 0.509009 0.454102 0.333333 0.537109
