0 0.496871 0.713379 0.112641 0.024414
0 0.483104 0.683105 0.115144 0.023438
0 0.468085 0.651367 0.112641 0.034180
0 0.466834 0.613281 0.100125 0.027344
0 0.464956 0.577148 0.101377 0.025391
0 0.469962 0.542236 0.093867 0.022949
0 0.473717 0.511719 0.103880 0.025391
0 0.476220 0.481201 0.098874 0.021973
0 0.484981 0.450439 0.093867 0.023926
0 0.491239 0.422852 0.088861 0.024414
0 0.504380 0.393799 0.082603 0.022949
0 0.510638 0.365723 0.072591 0.026367
0 0.520025 0.335938 0.071339 0.024414
0 0.529412 0.307129 0.067584 0.019531
0 0.540050 0.286133 0.058824 0.018555
0 0.545682 0.264893 0.070088 0.016113
1 0.521902 0.491699 0.267835 0.505859
