0 0.480000 0.755910 0.151111 0.044193
0 0.491111 0.709147 0.155556 0.043165
0 0.508889 0.662898 0.142222 0.043165
0 0.512222 0.615622 0.135556 0.036999
0 0.515556 0.570915 0.128889 0.038027
0 0.510000 0.529805 0.113333 0.038027
0 0.495556 0.491778 0.111111 0.033916
0 0.486667 0.458890 0.102222 0.031860
0 0.484444 0.425488 0.097778 0.030832
0 0.492222 0.393628 0.091111 0.030832
0 0.512222 0.364851 0.086667 0.030832
0 0.525556 0.337616 0.091111 0.029805
0 0.537778 0.310380 0.088889 0.024666
0 0.544444 0.283145 0.084444 0.023638
0 0.547778 0.256423 0.073333 0.025694
0 0.536667 0.228674 0.100000 0.029805
0 0.526667 0.203494 0.093333 0.022610
1 0.504444 0.494347 0.280000 0.635149
