0 0.506824 0.705036 0.142680 0.046763
0 0.528536 0.663969 0.136476 0.041367
0 0.549628 0.624400 0.129032 0.037770
0 0.565136 0.585132 0.120347 0.034772
0 0.571960 0.545863 0.116625 0.032974
0 0.568238 0.507494 0.114144 0.030576
0 0.563896 0.472722 0.105459 0.030576
0 0.560794 0.439448 0.099256 0.027578
0 0.562035 0.405576 0.101737 0.026978
0 0.565757 0.375600 0.094293 0.025779
0 0.572581 0.349221 0.078164 0.028177
0 0.583127 0.326739 0.074442 0.019185
0 0.594913 0.309952 0.070720 0.019185
0 0.608561 0.286271 0.070720 0.023381
0 0.617866 0.260192 0.076923 0.021583
0 0.620347 0.234712 0.076923 0.022182
0 0.617866 0.212230 0.081886 0.020384
0 0.613524 0.189748 0.093052 0.018585
1 0.553970 0.444844 0.311414 0.599520
