0 0.520563 0.701172 0.132035 0.041016
0 0.497835 0.649414 0.125541 0.041016
0 0.488095 0.604492 0.114719 0.037109
0 0.492424 0.562988 0.119048 0.034180
0 0.501082 0.525391 0.127706 0.042969
0 0.516234 0.490723 0.123377 0.040039
0 0.538961 0.459473 0.116883 0.045898
0 0.561688 0.428711 0.114719 0.039062
0 0.571429 0.396484 0.099567 0.029297
0 0.570346 0.367676 0.093074 0.030273
0 0.551948 0.340332 0.090909 0.030273
0 0.528139 0.312500 0.086580 0.029297
0 0.511905 0.288574 0.080087 0.028320
0 0.498918 0.262207 0.071429 0.024414
0 0.491342 0.240234 0.073593 0.021484
0 0.491342 0.216797 0.077922 0.015625
1 0.532468 0.479492 0.329004 0.582031
