0 0.569336 0.762939 0.098307 0.039551
0 0.551758 0.723633 0.089193 0.047852
0 0.523763 0.697021 0.082682 0.048340
0 0.488932 0.668213 0.075521 0.051270
0 0.468099 0.630615 0.074219 0.044434
0 0.463216 0.587646 0.068359 0.034668
0 0.481445 0.553467 0.064453 0.040527
0 0.505208 0.523682 0.065104 0.040527
0 0.526042 0.494873 0.065104 0.040527
0 0.540365 0.466309 0.062500 0.034180
0 0.550781 0.435791 0.049479 0.026855
0 0.551107 0.407227 0.050130 0.023438
0 0.541667 0.380127 0.049479 0.025879
0 0.532552 0.353027 0.042969 0.024414
0 0.524089 0.328613 0.039062 0.021484
0 0.521484 0.303711 0.040365 0.021484
0 0.517578 0.279297 0.044271 0.019531
0 0.513346 0.254150 0.044922 0.021973
1 0.513346 0.508545 0.259766 0.616699
