0 0.556751 0.630371 0.142857 0.043945
0 0.538160 0.575195 0.140900 0.056641
0 0.498043 0.525879 0.150685 0.061523
0 0.443249 0.483887 0.146771 0.063477
0 0.394325 0.441406 0.131115 0.054688
0 0.358121 0.408203 0.109589 0.042969
0 0.341487 0.374512 0.111546 0.041992
0 0.328767 0.333984 0.093933 0.035156
0 0.336595 0.296387 0.097847 0.038086
0 0.360078 0.267090 0.097847 0.038086
0 0.396282 0.234863 0.103718 0.040039
0 0.430528 0.205078 0.101761 0.042969
0 0.454990 0.176270 0.099804 0.038086
0 0.462818 0.145020 0.088063 0.034180
0 0.473581 0.111816 0.086106 0.030273
0 0.466732 0.077148 0.103718 0.031250
1 0.456947 0.359863 0.514677 0.629883
