0 0.515528 0.699707 0.136646 0.041992
0 0.502070 0.657715 0.122153 0.036133
0 0.491718 0.612793 0.118012 0.036133
0 0.505176 0.573730 0.115942 0.032227
0 0.526915 0.540039 0.113872 0.031250
0 0.547619 0.505859 0.113872 0.039062
0 0.565217 0.475098 0.103520 0.034180
0 0.576605 0.444336 0.080745 0.031250
0 0.582816 0.412109 0.076605 0.025391
0 0.575569 0.381836 0.078675 0.027344
0 0.556936 0.354492 0.078675 0.027344
0 0.541408 0.329102 0.084886 0.029297
0 0.521739 0.304688 0.086957 0.033203
0 0.501035 0.283691 0.082816 0.028320
1 0.532091 0.496094 0.293996 0.492188
