0 0.503129 0.713379 0.112641 0.024414
0 0.516896 0.683105 0.115144 0.023438
0 0.531915 0.651367 0.112641 0.034180
0 0.533166 0.613281 0.100125 0.027344
0 0.535044 0.577148 0.101377 0.025391
0 0.530038 0.542236 0.093867 0.022949
0 0.526283 0.511719 0.103880 0.025391
0 0.523780 0.481201 0.098874 0.021973
0 0.515019 0.450439 0.093867 0.023926
0 0.508761 0.422852 0.088861 0.024414
0 0.495620 0.393799 0.082603 0.022949
0 0.489362 0.365723 0.072591 0.026367
0 0.479975 0.335938 0.071339 0.024414
0 0.470588 0.307129 0.067584 0.019531
0 0.459950 0.286133 0.058824 0.018555
0 0.454318 0.264893 0.070088 0.016113
1 0.478098 0.491699 0.267835 0.505859
