0 0.454844 0.659424 0.213465 0.037598
0 0.432677 0.618164 0.211823 0.041016
0 0.410509 0.572754 0.203612 0.037109
0 0.399015 0.532471 0.170772 0.028809
0 0.409688 0.498047 0.182266 0.033203
0 0.434319 0.468994 0.192118 0.033691
0 0.463054 0.436035 0.170772 0.029297
0 0.477833 0.406982 0.141215 0.024902
0 0.484401 0.372559 0.151067 0.028320
0 0.479475 0.343018 0.137931 0.024902
0 0.472085 0.310303 0.123153 0.029785
0 0.468801 0.280029 0.119869 0.024902
0 0.477011 0.251465 0.113300 0.021484
0 0.472906 0.225586 0.131363 0.020508
0 0.467159 0.203125 0.136289 0.019531
0 0.461412 0.182617 0.147783 0.017578
1 0.448276 0.444580 0.400657 0.564941
