0 0.570769 0.762470 0.132308 0.028504
0 0.567692 0.721694 0.120000 0.035629
0 0.561538 0.677356 0.123077 0.035629
0 0.552308 0.634600 0.113846 0.038797
0 0.544615 0.592637 0.113846 0.041964
0 0.540769 0.551069 0.118462 0.036421
0 0.535385 0.513064 0.104615 0.031671
0 0.536154 0.476643 0.100000 0.030087
0 0.536923 0.441409 0.098462 0.029295
0 0.541538 0.408551 0.092308 0.031671
0 0.546154 0.373317 0.086154 0.030879
0 0.544615 0.338876 0.086154 0.031671
0 0.549231 0.305622 0.080000 0.031671
0 0.556154 0.273159 0.075385 0.022169
0 0.560000 0.245051 0.076923 0.021378
0 0.560769 0.218923 0.084615 0.021378
0 0.564615 0.195962 0.095385 0.019794
1 0.558462 0.482977 0.261538 0.633413
