0 0.445652 0.644531 0.112319 0.052734
0 0.478261 0.606445 0.108696 0.048828
0 0.514493 0.535156 0.108696 0.041016
0 0.518116 0.500977 0.090580 0.035156
0 0.515399 0.467285 0.092391 0.028320
0 0.515399 0.432617 0.085145 0.027344
0 0.509964 0.396484 0.074275 0.031250
0 0.513587 0.363281 0.074275 0.027344
0 0.519928 0.330566 0.079710 0.028320
0 0.528986 0.298828 0.083333 0.029297
0 0.522645 0.269043 0.077899 0.020508
0 0.518116 0.239258 0.083333 0.029297
0 0.523551 0.207031 0.086957 0.027344
0 0.502717 0.567871 0.106884 0.045898
1 0.483696 0.435547 0.257246 0.507812
