0 0.516517 0.752907 0.132132 0.026163
0 0.524024 0.719477 0.141141 0.031977
0 0.533033 0.678052 0.117117 0.039244
0 0.542042 0.630814 0.123123 0.037791
0 0.534535 0.587209 0.126126 0.040698
0 0.516517 0.544331 0.144144 0.045058
0 0.495495 0.504360 0.138138 0.052326
0 0.469970 0.463663 0.135135 0.046512
0 0.453453 0.428779 0.114114 0.034884
0 0.441441 0.399709 0.096096 0.017442
0 0.442943 0.377907 0.099099 0.023256
0 0.454955 0.348110 0.105105 0.036337
0 0.468468 0.316134 0.096096 0.042151
0 0.496997 0.284884 0.099099 0.040698
0 0.521021 0.251453 0.081081 0.037791
0 0.536036 0.220930 0.081081 0.031977
0 0.542042 0.188227 0.093093 0.024709
0 0.540541 0.160610 0.096096 0.021802
0 0.542042 0.136628 0.087087 0.023256
1 0.501502 0.436773 0.276276 0.681686
