0 0.524969 0.722656 0.143571 0.040039
0 0.536829 0.679932 0.144819 0.041504
0 0.563670 0.639648 0.121099 0.037109
0 0.573658 0.604492 0.118602 0.028320
0 0.569913 0.570557 0.123596 0.029785
0 0.558677 0.533936 0.118602 0.031738
0 0.548065 0.500000 0.117353 0.028320
0 0.539326 0.472412 0.107366 0.027832
0 0.536829 0.440430 0.102372 0.026367
0 0.537453 0.412598 0.096130 0.027344
0 0.542447 0.384766 0.086142 0.023438
0 0.548065 0.360596 0.074906 0.023926
0 0.547441 0.333252 0.076155 0.024902
0 0.552434 0.309326 0.081149 0.019043
0 0.549313 0.290039 0.082397 0.015625
0 0.543071 0.269775 0.084894 0.020020
0 0.541823 0.248535 0.089888 0.020508
1 0.547441 0.488037 0.273408 0.542480
