0 0.453354 0.848633 0.189727 0.035156
0 0.452830 0.797852 0.144654 0.037109
0 0.451782 0.751953 0.148847 0.033203
0 0.449686 0.706055 0.150943 0.037109
0 0.450734 0.664795 0.140461 0.043457
0 0.456499 0.621338 0.141509 0.040527
0 0.463312 0.580078 0.119497 0.037109
0 0.462264 0.539062 0.121593 0.035156
0 0.462264 0.504639 0.115304 0.028809
0 0.462264 0.468750 0.113208 0.029297
0 0.459644 0.435791 0.101677 0.029785
0 0.464361 0.400391 0.106918 0.033203
0 0.462264 0.366699 0.092243 0.029297
0 0.461216 0.332031 0.077568 0.024414
0 0.460168 0.301025 0.079665 0.022949
0 0.461216 0.271729 0.090147 0.021973
0 0.465933 0.245850 0.091195 0.020996
0 0.464885 0.221924 0.097484 0.019043
2 0.462788 0.554443 0.279874 0.698730
