0 0.515337 0.818053 0.196319 0.042533
0 0.506135 0.766068 0.149284 0.034972
0 0.508180 0.714083 0.141104 0.040643
0 0.515337 0.660208 0.139059 0.040643
0 0.517382 0.609641 0.126789 0.034026
0 0.507157 0.567580 0.139059 0.048204
0 0.491820 0.530246 0.128834 0.035917
0 0.477505 0.495747 0.120654 0.040643
0 0.474438 0.457467 0.114519 0.039698
0 0.474438 0.417297 0.110429 0.034972
0 0.477505 0.379017 0.104294 0.035917
0 0.474438 0.340737 0.098160 0.031191
0 0.467280 0.303403 0.100204 0.034026
0 0.464213 0.271739 0.094070 0.025520
0 0.460123 0.238185 0.102249 0.034026
0 0.457055 0.198960 0.112474 0.034972
0 0.451943 0.165406 0.118609 0.026465
1 0.509202 0.497164 0.323108 0.725898
