0 0.448222 0.820801 0.157950 0.048828
0 0.471234 0.760254 0.149582 0.054688
0 0.489540 0.701660 0.154812 0.055664
0 0.519874 0.651123 0.150628 0.053223
0 0.552824 0.604248 0.132845 0.050293
0 0.578975 0.559326 0.126569 0.041504
0 0.591004 0.517578 0.102510 0.034180
0 0.594665 0.475098 0.095188 0.034180
0 0.584205 0.436523 0.093096 0.037109
0 0.561192 0.397705 0.099372 0.036621
0 0.530858 0.364746 0.101464 0.040039
0 0.501569 0.334961 0.099372 0.037109
0 0.478556 0.305420 0.097280 0.036621
0 0.463389 0.273438 0.094142 0.027344
0 0.461297 0.242676 0.094142 0.025391
0 0.460774 0.214355 0.082636 0.019531
1 0.520397 0.514404 0.367155 0.687012
