0 0.484663 0.818053 0.196319 0.042533
0 0.493865 0.766068 0.149284 0.034972
0 0.491820 0.714083 0.141104 0.040643
0 0.484663 0.660208 0.139059 0.040643
0 0.482618 0.609641 0.126789 0.034026
0 0.492843 0.567580 0.139059 0.048204
0 0.508180 0.530246 0.128834 0.035917
0 0.522495 0.495747 0.120654 0.040643
0 0.525562 0.457467 0.114519 0.039698
0 0.525562 0.417297 0.110429 0.034972
0 0.522495 0.379017 0.104294 0.035917
0 0.525562 0.340737 0.098160 0.031191
0 0.532720 0.303403 0.100204 0.034026
0 0.535787 0.271739 0.094070 0.025520
0 0.539877 0.238185 0.102249 0.034026
0 0.542945 0.198960 0.112474 0.034972
0 0.548057 0.165406 0.118609 0.026465
1 0.490798 0.497164 0.323108 0.725898
