0 0.535061 0.894921 0.125000 0.035026
0 0.545732 0.853765 0.115854 0.029772
0 0.548780 0.815236 0.128049 0.029772
0 0.550305 0.766200 0.125000 0.047285
0 0.532012 0.699650 0.118902 0.054291
0 0.500000 0.647110 0.109756 0.047285
0 0.461890 0.596322 0.106707 0.050788
0 0.431402 0.549037 0.106707 0.043783
0 0.410061 0.507005 0.082317 0.033275
0 0.405488 0.464974 0.085366 0.029772
0 0.419207 0.425569 0.094512 0.035026
0 0.439024 0.391419 0.097561 0.036778
0 0.469512 0.358144 0.085366 0.036778
0 0.500000 0.325744 0.085366 0.038529
0 0.518293 0.295096 0.073171 0.033275
0 0.522866 0.262697 0.070122 0.024518
0 0.522866 0.229422 0.070122 0.021016
0 0.518293 0.196147 0.067073 0.024518
1 0.486280 0.550788 0.405488 0.800350
