0 0.474609 0.681641 0.096354 0.065430
0 0.462891 0.624756 0.089844 0.048340
0 0.461914 0.575195 0.077474 0.038086
0 0.470378 0.524170 0.082682 0.044434
0 0.484049 0.485107 0.085286 0.042480
0 0.507487 0.448242 0.074870 0.049805
0 0.523438 0.412354 0.067708 0.042480
0 0.534505 0.376221 0.067708 0.036621
0 0.544922 0.341553 0.049479 0.030762
0 0.543620 0.304932 0.052083 0.027832
0 0.534180 0.271484 0.054036 0.033203
0 0.522786 0.239746 0.053385 0.031250
0 0.513346 0.210693 0.057943 0.026855
0 0.506510 0.181885 0.055990 0.028809
1 0.491536 0.449463 0.208333 0.630371
