0 0.545000 0.713623 0.137500 0.034668
0 0.556875 0.665283 0.133750 0.040527
0 0.571250 0.623291 0.127500 0.033691
0 0.567500 0.583252 0.130000 0.038574
0 0.549375 0.546875 0.136250 0.041016
0 0.517500 0.512939 0.137500 0.040527
0 0.485000 0.478516 0.140000 0.037109
0 0.460000 0.449463 0.130000 0.033691
0 0.446250 0.418457 0.105000 0.025391
0 0.446875 0.390381 0.101250 0.025879
0 0.461250 0.364258 0.100000 0.029297
0 0.483125 0.338135 0.098750 0.029785
0 0.496250 0.312256 0.082500 0.027832
0 0.505000 0.287354 0.082500 0.022949
0 0.508750 0.262939 0.090000 0.019043
0 0.501875 0.240479 0.098750 0.019043
1 0.516875 0.484863 0.301250 0.537109
