0 0.493176 0.705036 0.142680 0.046763
0 0.471464 0.663969 0.136476 0.041367
0 0.450372 0.624400 0.129032 0.037770
0 0.434864 0.585132 0.120347 0.034772
0 0.428040 0.545863 0.116625 0.032974
0 0.431762 0.507494 0.114144 0.030576
0 0.436104 0.472722 0.105459 0.030576
0 0.439206 0.439448 0.099256 0.027578
0 0.437965 0.405576 0.101737 0.026978
0 0.434243 0.375600 0.094293 0.025779
0 0.427419 0.349221 0.078164 0.028177
0 0.416873 0.326739 0.074442 0.019185
0 0.405087 0.309952 0.070720 0.019185
0 0.391439 0.286271 0.070720 0.023381
0 0.382134 0.260192 0.076923 0.021583
0 0.379653 0.234712 0.076923 0.022182
0 0.382134 0.212230 0.081886 0.020384
0 0.386476 0.189748 0.093052 0.018585
1 0.446030 0.444844 0.311414 0.599520
