0 0.531157 0.830220 0.154303 0.045055
0 0.485163 0.786264 0.145401 0.042857
0 0.454006 0.752198 0.136499 0.040659
0 0.443620 0.714835 0.145401 0.038462
0 0.451039 0.676374 0.142433 0.031868
0 0.467359 0.638462 0.157270 0.041758
0 0.492582 0.602747 0.154303 0.036264
0 0.510386 0.568681 0.142433 0.031868
0 0.520772 0.539560 0.139466 0.028571
0 0.508902 0.506044 0.133531 0.031868
0 0.491098 0.476923 0.121662 0.035165
0 0.465875 0.447253 0.118694 0.037363
0 0.443620 0.420330 0.103858 0.029670
0 0.436202 0.396154 0.106825 0.023077
0 0.430267 0.375275 0.106825 0.018681
0 0.425816 0.357692 0.115727 0.016484
1 0.507418 0.604945 0.427300 0.574725
