0 0.505107 0.636297 0.125638 0.046409
0 0.475996 0.598192 0.110317 0.040547
0 0.455567 0.564729 0.100102 0.033219
0 0.444842 0.533708 0.090909 0.024915
0 0.458631 0.497802 0.091931 0.018564
0 0.472421 0.472154 0.090909 0.025892
0 0.493871 0.447973 0.086823 0.025403
0 0.507150 0.423791 0.082737 0.021983
0 0.518897 0.399609 0.073544 0.022472
0 0.522472 0.376160 0.070480 0.018564
0 0.513279 0.352956 0.062308 0.016121
0 0.502554 0.330728 0.063330 0.019541
0 0.492339 0.310210 0.063330 0.021495
0 0.487743 0.289692 0.064351 0.018564
0 0.483657 0.265999 0.062308 0.019052
1 0.487743 0.463850 0.262513 0.449927
