0 0.517658 0.736572 0.126394 0.045410
0 0.523234 0.681396 0.122677 0.046387
0 0.528346 0.629639 0.116171 0.040527
0 0.516729 0.581787 0.126394 0.040527
0 0.498141 0.543945 0.124535 0.041992
0 0.475372 0.508301 0.131041 0.046875
0 0.449349 0.473145 0.131041 0.049805
0 0.425186 0.441406 0.119888 0.044922
0 0.415428 0.408936 0.100372 0.040527
0 0.414033 0.370117 0.095725 0.037109
0 0.430762 0.337646 0.092007 0.035645
0 0.453067 0.306396 0.092007 0.038574
0 0.471654 0.276123 0.082714 0.034668
0 0.483271 0.245850 0.078067 0.030762
0 0.488383 0.216309 0.077138 0.025391
0 0.492565 0.186768 0.076208 0.025879
1 0.478160 0.474365 0.316914 0.618652
