0 0.482342 0.736572 0.126394 0.045410
0 0.476766 0.681396 0.122677 0.046387
0 0.471654 0.629639 0.116171 0.040527
0 0.483271 0.581787 0.126394 0.040527
0 0.501859 0.543945 0.124535 0.041992
0 0.524628 0.508301 0.131041 0.046875
0 0.550651 0.473145 0.131041 0.049805
0 0.574814 0.441406 0.119888 0.044922
0 0.584572 0.408936 0.100372 0.040527
0 0.585967 0.370117 0.095725 0.037109
0 0.569238 0.337646 0.092007 0.035645
0 0.546933 0.306396 0.092007 0.038574
0 0.528346 0.276123 0.082714 0.034668
0 0.516729 0.245850 0.078067 0.030762
0 0.511617 0.216309 0.077138 0.025391
0 0.507435 0.186768 0.076208 0.025879
1 0.521840 0.474365 0.316914 0.618652
