0 0.507000 0.938239 0.170000 0.060447
0 0.496000 0.858739 0.148000 0.061761
0 0.492000 0.781866 0.148000 0.065703
0 0.504000 0.703679 0.148000 0.074901
0 0.530000 0.635348 0.152000 0.074901
0 0.563000 0.570302 0.150000 0.076216
0 0.586000 0.509198 0.124000 0.061761
0 0.597000 0.446781 0.110000 0.047306
0 0.581000 0.390933 0.122000 0.053876
0 0.567000 0.340342 0.110000 0.057819
0 0.543000 0.287122 0.106000 0.056505
0 0.532000 0.231932 0.120000 0.053876
0 0.517000 0.169514 0.098000 0.047306
0 0.524000 0.111695 0.112000 0.044678
0 0.532000 0.071616 0.120000 0.040736
0 0.549000 0.029566 0.134000 0.045992
1 0.528000 0.500000 0.332000 1.000000
