0 0.490463 0.587238 0.168937 0.049850
0 0.438692 0.557827 0.152589 0.042871
0 0.377384 0.529910 0.144414 0.042871
0 0.339237 0.500997 0.138965 0.034895
0 0.326975 0.469093 0.130790 0.020937
0 0.341962 0.439182 0.122616 0.024925
0 0.373297 0.411765 0.114441 0.023928
0 0.397820 0.391326 0.119891 0.022931
0 0.422343 0.368893 0.108992 0.021934
0 0.433243 0.343968 0.103542 0.019940
0 0.441417 0.319541 0.103542 0.020937
0 0.434605 0.297109 0.084469 0.019940
0 0.423706 0.275673 0.079019 0.020937
0 0.415531 0.254237 0.084469 0.017946
0 0.404632 0.233300 0.073569 0.015952
0 0.400545 0.211864 0.081744 0.016949
0 0.392371 0.192423 0.087193 0.017946
1 0.438692 0.408774 0.485014 0.470588
