0 0.523810 0.714509 0.124224 0.044885
0 0.507246 0.671712 0.120083 0.036534
0 0.497930 0.628392 0.097308 0.033403
0 0.487578 0.590814 0.093168 0.035491
0 0.484472 0.553236 0.095238 0.031315
0 0.482402 0.517745 0.091097 0.027140
0 0.492754 0.484342 0.086957 0.029228
0 0.498965 0.453549 0.086957 0.028184
0 0.507246 0.423800 0.078675 0.027140
0 0.509317 0.397182 0.078675 0.024008
0 0.509317 0.368998 0.078675 0.024008
0 0.500000 0.345511 0.080745 0.025052
0 0.488613 0.323069 0.074534 0.026096
0 0.478261 0.299582 0.070393 0.027140
0 0.467909 0.273486 0.070393 0.022965
0 0.463768 0.248434 0.082816 0.018789
0 0.466874 0.225470 0.084886 0.018789
1 0.505176 0.471816 0.256729 0.559499
