0 0.443249 0.630371 0.142857 0.043945
0 0.461840 0.575195 0.140900 0.056641
0 0.501957 0.525879 0.150685 0.061523
0 0.556751 0.483887 0.146771 0.063477
0 0.605675 0.441406 0.131115 0.054688
0 0.641879 0.408203 0.109589 0.042969
0 0.658513 0.374512 0.111546 0.041992
0 0.671233 0.333984 0.093933 0.035156
0 0.663405 0.296387 0.097847 0.038086
0 0.639922 0.267090 0.097847 0.038086
0 0.603718 0.234863 0.103718 0.040039
0 0.569472 0.205078 0.101761 0.042969
0 0.545010 0.176270 0.099804 0.038086
0 0.537182 0.145020 0.088063 0.034180
0 0.526419 0.111816 0.086106 0.030273
0 0.533268 0.077148 0.103718 0.031250
1 0.543053 0.359863 0.514677 0.629883
