0 0.514905 0.758789 0.151762 0.041016
0 0.547425 0.720703 0.135501 0.037109
0 0.575881 0.688965 0.127371 0.038086
0 0.586721 0.656738 0.132791 0.034180
0 0.586721 0.621094 0.143631 0.029297
0 0.569106 0.588379 0.151762 0.040039
0 0.546070 0.556641 0.132791 0.033203
0 0.527100 0.526367 0.138211 0.031250
0 0.520325 0.499512 0.124661 0.026367
0 0.520325 0.470215 0.113821 0.026367
0 0.546070 0.446289 0.105691 0.031250
0 0.569106 0.417969 0.102981 0.029297
0 0.590786 0.393555 0.092141 0.025391
0 0.601626 0.371582 0.097561 0.018555
0 0.607046 0.353027 0.097561 0.018555
0 0.608401 0.336914 0.100271 0.013672
1 0.528455 0.554688 0.368564 0.507812
