0 0.394464 0.659990 0.156863 0.054714
0 0.335063 0.623596 0.148789 0.052272
0 0.292964 0.590376 0.143022 0.041524
0 0.284890 0.555936 0.115340 0.031265
0 0.307958 0.521983 0.119954 0.026869
0 0.341984 0.490718 0.128028 0.033708
0 0.370819 0.460186 0.121107 0.037128
0 0.395617 0.435515 0.115340 0.037616
0 0.408881 0.406693 0.109573 0.026869
0 0.412341 0.379824 0.107266 0.024915
0 0.411765 0.351979 0.089965 0.021006
0 0.401384 0.329262 0.092272 0.023449
0 0.391580 0.305081 0.086505 0.023937
0 0.380623 0.281143 0.078431 0.021006
0 0.374279 0.256961 0.079585 0.024426
1 0.351211 0.474597 0.457901 0.512457
