0 0.470194 0.803223 0.153502 0.055664
0 0.451565 0.746094 0.122206 0.052734
0 0.459762 0.686523 0.126677 0.060547
0 0.488077 0.630371 0.129657 0.065430
0 0.514158 0.579590 0.122206 0.059570
0 0.537258 0.533203 0.111773 0.054688
0 0.555887 0.490234 0.104322 0.044922
0 0.564083 0.445801 0.093890 0.036133
0 0.558867 0.407227 0.086438 0.042969
0 0.533532 0.372070 0.092399 0.044922
0 0.508197 0.339355 0.089419 0.045898
0 0.483607 0.307617 0.084948 0.044922
0 0.467958 0.276367 0.080477 0.041016
0 0.464978 0.242188 0.086438 0.029297
0 0.461997 0.207031 0.086438 0.035156
0 0.471684 0.172363 0.087928 0.036133
0 0.477645 0.140137 0.090909 0.032227
1 0.500745 0.484863 0.259314 0.723633
