0 0.462662 0.668945 0.116883 0.037109
0 0.474026 0.626953 0.094156 0.039062
0 0.478084 0.586426 0.086039 0.030273
0 0.470779 0.546875 0.081169 0.031250
0 0.456981 0.508301 0.079545 0.032227
0 0.439123 0.476074 0.082792 0.034180
0 0.422890 0.442871 0.082792 0.034180
0 0.412338 0.414551 0.068182 0.026367
0 0.410714 0.382324 0.071429 0.022461
0 0.418831 0.354980 0.068182 0.026367
0 0.430195 0.328125 0.071429 0.031250
0 0.452922 0.303711 0.068182 0.029297
0 0.475649 0.276855 0.084416 0.034180
0 0.509740 0.250488 0.084416 0.034180
0 0.521916 0.220215 0.073052 0.026367
0 0.524351 0.195312 0.074675 0.017578
0 0.525162 0.177734 0.076299 0.013672
