0 0.472332 0.737793 0.134387 0.028320
0 0.464427 0.705566 0.118577 0.038086
0 0.440711 0.666992 0.110672 0.037109
0 0.440711 0.626465 0.106719 0.038086
0 0.431818 0.585938 0.096838 0.031250
0 0.440711 0.545898 0.102767 0.037109
0 0.465415 0.512207 0.100791 0.040039
0 0.499012 0.482910 0.104743 0.038086
0 0.522727 0.456055 0.084980 0.031250
0 0.539526 0.429199 0.075099 0.026367
0 0.544466 0.401367 0.069170 0.021484
0 0.540514 0.373047 0.061265 0.025391
0 0.536561 0.346191 0.061265 0.022461
0 0.530632 0.320801 0.057312 0.022461
0 0.522727 0.297363 0.057312 0.020508
0 0.516798 0.271973 0.057312 0.020508
0 0.509881 0.249023 0.055336 0.019531
1 0.489130 0.493652 0.290514 0.545898
