0 0.381733 0.807767 0.175644 0.050318
0 0.371780 0.755496 0.160422 0.037616
0 0.381733 0.703468 0.161593 0.040059
0 0.416276 0.658525 0.160422 0.047875
0 0.460773 0.616756 0.151054 0.042501
0 0.494145 0.580606 0.142857 0.046409
0 0.537471 0.540791 0.131148 0.041036
0 0.570843 0.508549 0.118267 0.035173
0 0.586066 0.475085 0.104215 0.025892
0 0.592506 0.440156 0.091335 0.023449
0 0.588407 0.408158 0.099532 0.023937
0 0.576112 0.378603 0.088993 0.026380
0 0.569087 0.347582 0.084309 0.021983
0 0.562646 0.318026 0.071429 0.021495
0 0.561475 0.288471 0.080796 0.022960
0 0.564403 0.257938 0.086651 0.020518
1 0.473653 0.536150 0.579625 0.640449
