0 0.467590 0.800594 0.131618 0.112815
0 0.516329 0.729589 0.118258 0.104404
0 0.545027 0.652647 0.123206 0.084117
0 0.545027 0.579664 0.117269 0.053934
0 0.520287 0.502474 0.110341 0.084612
0 0.480208 0.450272 0.106383 0.078179
0 0.448293 0.393617 0.100940 0.078674
0 0.423553 0.339931 0.095992 0.070262
0 0.408956 0.281791 0.085601 0.056903
0 0.405987 0.223652 0.073726 0.047501
0 0.410935 0.166502 0.074715 0.052944
0 0.418605 0.116032 0.074221 0.049975
0 0.430975 0.068283 0.068283 0.051460
1 0.472538 0.449530 0.298862 0.852548
