0 0.551148 0.809082 0.154489 0.051758
0 0.524008 0.851562 0.167015 0.060547
0 0.566806 0.762207 0.156576 0.045898
0 0.566806 0.708008 0.160752 0.042969
0 0.540710 0.664062 0.154489 0.048828
0 0.511482 0.624512 0.137787 0.041992
0 0.477035 0.587402 0.144050 0.047852
0 0.444676 0.548828 0.125261 0.041016
0 0.425887 0.515137 0.129436 0.043945
0 0.411273 0.479004 0.104384 0.036133
0 0.407098 0.442871 0.104384 0.032227
0 0.417537 0.411133 0.100209 0.035156
0 0.429019 0.379883 0.098121 0.031250
0 0.445720 0.347656 0.093946 0.029297
0 0.451983 0.317383 0.089770 0.029297
0 0.457203 0.285645 0.108559 0.028320
0 0.458246 0.256836 0.110647 0.021484
1 0.488518 0.576660 0.354906 0.680664
