0 0.463942 0.712891 0.134615 0.037109
0 0.449519 0.671387 0.134615 0.040039
0 0.426683 0.629883 0.112981 0.035156
0 0.430288 0.593262 0.115385 0.030273
0 0.439904 0.556152 0.129808 0.040039
0 0.459135 0.523926 0.120192 0.036133
0 0.480769 0.496094 0.120192 0.042969
0 0.502404 0.463867 0.120192 0.035156
0 0.519231 0.437988 0.110577 0.030273
0 0.524038 0.408691 0.100962 0.024414
0 0.506010 0.384766 0.093750 0.027344
0 0.487981 0.359375 0.096154 0.027344
0 0.472356 0.335449 0.088942 0.022461
0 0.460337 0.312500 0.079327 0.021484
0 0.453125 0.287598 0.074519 0.018555
0 0.451923 0.265625 0.081731 0.021484
1 0.463942 0.495117 0.312500 0.521484
