0 0.509724 0.677490 0.135107 0.043457
0 0.539406 0.633545 0.135107 0.046387
0 0.571648 0.593750 0.121801 0.042969
0 0.575230 0.550049 0.116684 0.036621
0 0.556807 0.513428 0.131013 0.034668
0 0.526100 0.480713 0.112590 0.042480
0 0.493859 0.449463 0.101331 0.035645
0 0.475435 0.421631 0.099284 0.033691
0 0.463664 0.390869 0.083930 0.024902
0 0.462641 0.360596 0.083930 0.027832
0 0.468270 0.333984 0.080860 0.029297
0 0.487206 0.309570 0.077789 0.030273
0 0.510235 0.285400 0.072671 0.027832
0 0.524053 0.261475 0.061412 0.022949
0 0.527124 0.234863 0.063460 0.020508
0 0.523030 0.211914 0.071648 0.020508
0 0.514330 0.186279 0.080860 0.020020
1 0.526612 0.439941 0.281474 0.556641
