0 0.458574 0.720703 0.138728 0.054688
0 0.504817 0.682129 0.142582 0.057617
0 0.554913 0.645996 0.138728 0.059570
0 0.577071 0.608398 0.140655 0.046875
0 0.576108 0.576660 0.115607 0.036133
0 0.559730 0.535645 0.105973 0.038086
0 0.538536 0.500000 0.113680 0.041016
0 0.512524 0.467773 0.096339 0.039062
0 0.489403 0.437988 0.096339 0.036133
0 0.473025 0.408691 0.086705 0.036133
0 0.457611 0.378418 0.075145 0.030273
0 0.455684 0.348633 0.067437 0.023438
0 0.458574 0.319824 0.065511 0.020508
0 0.466281 0.291504 0.077071 0.022461
0 0.467245 0.261719 0.071291 0.025391
0 0.473025 0.234863 0.078998 0.026367
1 0.500963 0.492188 0.350674 0.562500
