0 0.493438 0.712676 0.120735 0.042254
0 0.475066 0.659155 0.104987 0.039437
0 0.468504 0.605634 0.107612 0.033803
0 0.480315 0.558451 0.115486 0.032394
0 0.493438 0.487324 0.110236 0.042254
0 0.514436 0.442958 0.104987 0.038028
0 0.528871 0.404225 0.091864 0.033803
0 0.532808 0.364085 0.083990 0.029577
0 0.528871 0.327465 0.086614 0.035211
0 0.507874 0.295775 0.081365 0.036620
0 0.480315 0.264789 0.078740 0.036620
0 0.458005 0.235211 0.081365 0.033803
0 0.438320 0.204930 0.062992 0.026761
0 0.440945 0.173239 0.073491 0.025352
0 0.446194 0.143662 0.073491 0.022535
0 0.456693 0.112676 0.078740 0.025352
0 0.454068 0.084507 0.073491 0.022535
1 0.494751 0.410563 0.254593 0.719718
