0 0.595890 0.748535 0.165437 0.049805
0 0.605901 0.697021 0.158061 0.043457
0 0.606955 0.641357 0.155954 0.044434
0 0.590095 0.590820 0.151739 0.050781
0 0.566913 0.542969 0.145416 0.050781
0 0.541623 0.503906 0.136986 0.048828
0 0.521602 0.466797 0.115911 0.038086
0 0.512118 0.433350 0.107482 0.032715
0 0.522655 0.398193 0.107482 0.030762
0 0.536881 0.363281 0.108535 0.030273
0 0.548472 0.334473 0.093783 0.031250
0 0.563751 0.305176 0.103267 0.029297
0 0.570601 0.276123 0.085353 0.025879
0 0.571128 0.246094 0.084299 0.025391
0 0.566386 0.216064 0.089568 0.028809
0 0.558483 0.188232 0.094837 0.025879
1 0.553741 0.484131 0.374078 0.705566
