0 0.505051 0.756125 0.135642 0.075724
0 0.482684 0.670935 0.128427 0.079065
0 0.469697 0.586303 0.108225 0.076837
0 0.469697 0.520045 0.113997 0.042316
0 0.480519 0.451002 0.124098 0.069042
0 0.490620 0.377506 0.132756 0.064588
0 0.507215 0.326281 0.137085 0.060134
0 0.525253 0.267261 0.144300 0.073497
0 0.538961 0.209911 0.122655 0.052339
0 0.537518 0.154788 0.116883 0.051225
0 0.523810 0.105234 0.112554 0.054566
0 0.505772 0.058463 0.108225 0.054566
0 0.484848 0.021715 0.095238 0.041203
1 0.505051 0.438196 0.285714 0.876392
