0 0.480703 0.796883 0.123206 0.113310
0 0.429738 0.728600 0.114300 0.103414
0 0.395596 0.663533 0.110341 0.089065
0 0.397328 0.583622 0.104899 0.050965
0 0.422068 0.507669 0.109847 0.080158
0 0.460663 0.453983 0.102919 0.081643
0 0.496042 0.399060 0.090549 0.077684
0 0.522019 0.339931 0.093023 0.065314
0 0.531667 0.284513 0.080653 0.049480
0 0.534636 0.226868 0.076695 0.047006
0 0.525730 0.171697 0.075705 0.052449
0 0.516329 0.121475 0.065809 0.052944
0 0.503464 0.071252 0.077684 0.052449
1 0.460168 0.451757 0.267194 0.859970
