0 0.519802 0.700928 0.161116 0.053223
0 0.500450 0.656494 0.129613 0.047363
0 0.493699 0.606201 0.116112 0.046387
0 0.497750 0.561035 0.122412 0.040039
0 0.503600 0.522949 0.123312 0.034180
0 0.517552 0.489990 0.117012 0.035645
0 0.530603 0.452393 0.110711 0.034668
0 0.538704 0.420166 0.094509 0.029785
0 0.544104 0.388672 0.094509 0.031250
0 0.543654 0.354736 0.093609 0.026855
0 0.542304 0.323242 0.090909 0.026367
0 0.541854 0.292725 0.090009 0.024902
0 0.533753 0.260010 0.075608 0.026855
0 0.531053 0.229980 0.077408 0.026367
0 0.526103 0.198975 0.087309 0.029785
1 0.528353 0.453857 0.257426 0.562012
