0 0.428251 0.713379 0.134529 0.038086
0 0.403587 0.672852 0.125561 0.041016
0 0.393498 0.630859 0.105381 0.035156
0 0.394619 0.588379 0.107623 0.032227
0 0.399103 0.547363 0.112108 0.028320
0 0.406951 0.511719 0.105381 0.031250
0 0.420404 0.475586 0.096413 0.031250
0 0.436099 0.439453 0.087444 0.029297
0 0.440583 0.405762 0.087444 0.022461
0 0.437220 0.374023 0.089686 0.023438
0 0.431614 0.344238 0.082960 0.018555
0 0.422646 0.320801 0.082960 0.022461
0 0.408072 0.293945 0.080717 0.019531
1 0.430493 0.511719 0.251121 0.488281
