0 0.491862 0.743652 0.111328 0.046875
0 0.495117 0.688232 0.100911 0.053223
0 0.504557 0.639404 0.100260 0.052246
0 0.517578 0.589111 0.104167 0.054199
0 0.538737 0.542480 0.095703 0.055664
0 0.559896 0.503662 0.088542 0.050293
0 0.575521 0.465576 0.087240 0.048340
0 0.584310 0.429688 0.078776 0.041016
0 0.587565 0.393311 0.078776 0.032715
0 0.584310 0.357666 0.074870 0.033691
0 0.573242 0.324463 0.076172 0.035645
0 0.562500 0.291748 0.071615 0.038574
0 0.552409 0.260742 0.064453 0.037109
0 0.540039 0.227539 0.068359 0.033203
0 0.534180 0.195557 0.063151 0.031738
0 0.524740 0.163330 0.065104 0.027832
1 0.552409 0.461182 0.304036 0.733887
