0 0.478818 0.728271 0.128205 0.033691
0 0.472687 0.682373 0.127090 0.036621
0 0.460981 0.639404 0.121516 0.034668
0 0.450948 0.600586 0.117057 0.031250
0 0.448161 0.562500 0.115942 0.030273
0 0.451505 0.527832 0.104794 0.031250
0 0.459309 0.497559 0.102564 0.028320
0 0.463768 0.466064 0.102564 0.024902
0 0.471014 0.437744 0.085842 0.022949
0 0.468785 0.410645 0.083612 0.022461
0 0.471572 0.384277 0.080268 0.020508
0 0.468785 0.358398 0.068004 0.022461
0 0.461538 0.332764 0.073579 0.023926
0 0.455407 0.310547 0.076923 0.021484
0 0.448161 0.288086 0.082497 0.025391
0 0.443144 0.264893 0.081382 0.022949
