0 0.456044 0.699707 0.164835 0.043945
0 0.473626 0.649902 0.138462 0.043945
0 0.483516 0.601562 0.127473 0.042969
0 0.493407 0.558105 0.129670 0.036133
0 0.491209 0.514648 0.125275 0.037109
0 0.490110 0.476562 0.123077 0.035156
0 0.478022 0.440430 0.116484 0.031250
0 0.472527 0.405762 0.109890 0.030273
0 0.469231 0.374023 0.116484 0.029297
0 0.469231 0.344727 0.112088 0.023438
0 0.469231 0.313477 0.094505 0.029297
0 0.465934 0.282715 0.092308 0.024414
0 0.471429 0.257812 0.098901 0.023438
0 0.479121 0.230469 0.092308 0.023438
0 0.481319 0.205566 0.096703 0.018555
0 0.480220 0.179688 0.103297 0.023438
1 0.479121 0.431641 0.224176 0.609375
