0 0.478571 0.802734 0.139286 0.050781
0 0.506250 0.754395 0.119643 0.047852
0 0.527679 0.705078 0.101786 0.042969
0 0.524107 0.656250 0.108929 0.041016
0 0.508036 0.609375 0.123214 0.048828
0 0.483036 0.566895 0.112500 0.051758
0 0.446429 0.528320 0.100000 0.050781
0 0.425893 0.491211 0.087500 0.041016
0 0.415179 0.454590 0.062500 0.026367
0 0.420536 0.421875 0.069643 0.027344
0 0.429464 0.388184 0.080357 0.034180
0 0.448214 0.358887 0.078571 0.030273
0 0.474107 0.331055 0.076786 0.035156
0 0.489286 0.302246 0.075000 0.030273
0 0.495536 0.270996 0.076786 0.024414
0 0.498214 0.241211 0.078571 0.021484
1 0.487500 0.534180 0.253571 0.638672
