0 0.472582 0.650391 0.133599 0.043945
0 0.515454 0.594238 0.125623 0.050781
0 0.542871 0.546631 0.122632 0.036621
0 0.569791 0.504395 0.096710 0.026367
0 0.580758 0.463867 0.104686 0.030273
0 0.565803 0.427979 0.118644 0.038574
0 0.540877 0.396973 0.118644 0.037109
0 0.513958 0.364502 0.114656 0.038574
0 0.490528 0.335449 0.097707 0.037109
0 0.474576 0.302734 0.079761 0.028320
0 0.476570 0.272217 0.075773 0.022949
0 0.492522 0.244629 0.071785 0.024414
0 0.498006 0.219238 0.060818 0.019531
0 0.498006 0.193604 0.060818 0.020996
1 0.507478 0.434326 0.334995 0.545410
