0 0.514789 0.837405 0.114085 0.033588
0 0.506338 0.798855 0.102817 0.037405
0 0.493662 0.746183 0.094366 0.048092
0 0.476761 0.703435 0.097183 0.048092
0 0.459155 0.654198 0.081690 0.042748
0 0.443662 0.614885 0.084507 0.038931
0 0.437324 0.575191 0.085915 0.035878
0 0.438732 0.537023 0.069014 0.031298
0 0.453521 0.503053 0.078873 0.029008
0 0.454225 0.470992 0.066197 0.030534
0 0.461268 0.443893 0.049296 0.026718
0 0.477465 0.415649 0.047887 0.029771
0 0.484507 0.387786 0.053521 0.027481
0 0.499296 0.359542 0.060563 0.032061
0 0.515493 0.326718 0.064789 0.033588
0 0.530282 0.295420 0.071831 0.025954
0 0.536620 0.268702 0.059155 0.021374
1 0.493662 0.557252 0.274648 0.641221
