0 0.571749 0.713379 0.134529 0.038086
0 0.596413 0.672852 0.125561 0.041016
0 0.606502 0.630859 0.105381 0.035156
0 0.605381 0.588379 0.107623 0.032227
0 0.600897 0.547363 0.112108 0.028320
0 0.593049 0.511719 0.105381 0.031250
0 0.579596 0.475586 0.096413 0.031250
0 0.563901 0.439453 0.087444 0.029297
0 0.559417 0.405762 0.087444 0.022461
0 0.562780 0.374023 0.089686 0.023438
0 0.568386 0.344238 0.082960 0.018555
0 0.577354 0.320801 0.082960 0.022461
0 0.591928 0.293945 0.080717 0.019531
1 0.569507 0.511719 0.251121 0.488281
