0 0.544933 0.743164 0.118547 0.052734
0 0.505736 0.706055 0.120459 0.039062
0 0.472275 0.663574 0.110899 0.045898
0 0.446463 0.624023 0.093690 0.046875
0 0.433078 0.577637 0.093690 0.041992
0 0.435946 0.529785 0.091778 0.032227
0 0.460803 0.491211 0.107075 0.031250
0 0.478967 0.457031 0.097514 0.033203
0 0.505736 0.426270 0.093690 0.032227
0 0.515296 0.392090 0.086042 0.026367
0 0.513384 0.359863 0.082218 0.026367
0 0.491396 0.331055 0.072658 0.027344
0 0.458891 0.302734 0.084130 0.031250
0 0.439771 0.274902 0.072658 0.028320
0 0.425430 0.245605 0.059273 0.022461
1 0.485660 0.496094 0.405354 0.585938
