0 0.590024 0.653162 0.143552 0.041502
0 0.614355 0.612648 0.138686 0.045455
0 0.639903 0.572628 0.136253 0.042490
0 0.667883 0.541996 0.128954 0.038538
0 0.681265 0.499012 0.141119 0.041502
0 0.667883 0.465415 0.143552 0.035573
0 0.649635 0.433300 0.136253 0.038538
0 0.633820 0.403656 0.138686 0.038538
0 0.607056 0.377470 0.133820 0.035573
0 0.586375 0.354249 0.116788 0.034585
0 0.566910 0.328063 0.116788 0.035573
0 0.554745 0.295949 0.077859 0.024704
0 0.552311 0.269269 0.072993 0.022727
0 0.559611 0.241601 0.077859 0.026680
0 0.572993 0.216897 0.080292 0.024704
0 0.590024 0.193182 0.094891 0.030632
1 0.625304 0.429842 0.306569 0.535573
