0 0.491647 0.602539 0.147971 0.041016
0 0.468974 0.570801 0.131265 0.032227
0 0.458234 0.532227 0.109785 0.027344
0 0.460621 0.497070 0.124105 0.025391
0 0.468974 0.461914 0.116945 0.027344
0 0.484487 0.432617 0.109785 0.027344
0 0.497613 0.403320 0.102625 0.027344
0 0.504773 0.375488 0.097852 0.024414
0 0.509547 0.350098 0.093079 0.022461
0 0.510740 0.325684 0.085919 0.020508
0 0.504773 0.300293 0.078759 0.022461
0 0.495227 0.277344 0.078759 0.021484
0 0.483294 0.253906 0.069212 0.017578
0 0.489260 0.230957 0.081146 0.018555
0 0.486874 0.206543 0.081146 0.018555
0 0.483294 0.185059 0.083532 0.016602
0 0.483294 0.163574 0.088305 0.016602
1 0.479714 0.386719 0.224344 0.480469
