0 0.439711 0.713867 0.075563 0.037109
0 0.407556 0.676270 0.075563 0.041992
0 0.381833 0.638184 0.069132 0.038086
0 0.378617 0.600098 0.059486 0.024414
0 0.381029 0.563477 0.064309 0.027344
0 0.391479 0.531738 0.072347 0.030273
0 0.413183 0.504395 0.061093 0.032227
0 0.438907 0.479004 0.064309 0.030273
0 0.463826 0.454102 0.059486 0.031250
0 0.486334 0.431152 0.053055 0.026367
0 0.500000 0.405762 0.048232 0.024414
0 0.506431 0.380371 0.038585 0.022461
0 0.510450 0.356445 0.036977 0.019531
0 0.512058 0.330566 0.040193 0.018555
0 0.513666 0.308105 0.040193 0.014648
0 0.516881 0.282227 0.040193 0.021484
1 0.426045 0.501953 0.279743 0.488281
