0 0.473404 0.800000 0.191489 0.036522
0 0.461436 0.767391 0.172872 0.033913
0 0.450798 0.731304 0.156915 0.031304
0 0.460106 0.695217 0.159574 0.028696
0 0.485372 0.663043 0.135638 0.025217
0 0.498670 0.628696 0.135638 0.024348
0 0.515957 0.596522 0.127660 0.024348
0 0.514628 0.568261 0.130319 0.025217
0 0.507979 0.542609 0.122340 0.026087
0 0.501330 0.516957 0.125000 0.026957
0 0.489362 0.491739 0.106383 0.025217
0 0.486702 0.465652 0.095745 0.023478
0 0.486702 0.439565 0.095745 0.023478
0 0.486702 0.415652 0.095745 0.020870
0 0.497340 0.393913 0.106383 0.019130
0 0.506649 0.373478 0.109043 0.018261
1 0.476064 0.593043 0.292553 0.483478
