0 0.450163 0.749042 0.102941 0.045977
0 0.439542 0.701149 0.091503 0.040230
0 0.438725 0.654215 0.089869 0.034483
0 0.439542 0.609674 0.088235 0.033525
0 0.441993 0.569444 0.089869 0.031609
0 0.451797 0.530172 0.086601 0.031609
0 0.461601 0.496648 0.073529 0.027778
0 0.465686 0.460249 0.075163 0.027778
0 0.462418 0.425287 0.071895 0.028736
0 0.455882 0.394157 0.071895 0.027778
0 0.439542 0.364943 0.068627 0.028736
0 0.427288 0.332375 0.063725 0.028736
0 0.416667 0.299330 0.068627 0.025862
1 0.433007 0.538314 0.186275 0.517241
