0 0.513183 0.619284 0.122411 0.073559
0 0.483992 0.558648 0.090395 0.043738
0 0.472693 0.513917 0.082863 0.033797
0 0.468927 0.472664 0.079096 0.030815
0 0.472693 0.435388 0.082863 0.029821
0 0.484934 0.399105 0.077213 0.028827
0 0.501883 0.365805 0.073446 0.025845
0 0.508475 0.331511 0.067797 0.030815
0 0.510358 0.295726 0.067797 0.028827
0 0.505650 0.263419 0.069680 0.023857
0 0.494350 0.232107 0.069680 0.026839
0 0.485876 0.201789 0.075330 0.025845
0 0.488701 0.170477 0.077213 0.022863
0 0.487759 0.146620 0.060264 0.018887
0 0.488701 0.119284 0.062147 0.019881
0 0.485876 0.082008 0.060264 0.028827
1 0.493409 0.350895 0.233522 0.638171
