0 0.396620 0.679688 0.149105 0.042969
0 0.407555 0.633301 0.143141 0.045898
0 0.422465 0.583496 0.153082 0.053711
0 0.457256 0.544434 0.131213 0.049805
0 0.490060 0.508301 0.129225 0.047852
0 0.501988 0.466797 0.109344 0.044922
0 0.522863 0.432617 0.099404 0.039062
0 0.523857 0.397949 0.093439 0.030273
0 0.519881 0.364746 0.097416 0.030273
0 0.504970 0.333496 0.091451 0.030273
0 0.491054 0.302734 0.087475 0.029297
0 0.471173 0.273926 0.095427 0.030273
0 0.457256 0.246582 0.091451 0.024414
0 0.441352 0.217773 0.079523 0.027344
1 0.455268 0.439453 0.361829 0.574219
