0 0.493671 0.769043 0.177215 0.057617
0 0.463291 0.724609 0.156962 0.044922
0 0.449367 0.688477 0.149367 0.035156
0 0.456962 0.648926 0.139241 0.032227
0 0.469620 0.611816 0.154430 0.038086
0 0.484810 0.581543 0.144304 0.036133
0 0.521519 0.553223 0.121519 0.034180
0 0.535443 0.527344 0.124051 0.031250
0 0.540506 0.497559 0.118987 0.022461
0 0.541772 0.470215 0.116456 0.024414
0 0.529114 0.444824 0.111392 0.024414
0 0.522785 0.419922 0.113924 0.023438
0 0.503797 0.396484 0.111392 0.023438
0 0.497468 0.372559 0.113924 0.024414
0 0.493671 0.349121 0.106329 0.022461
1 0.481013 0.575195 0.379747 0.519531
