0 0.449304 0.614746 0.103380 0.030273
0 0.442346 0.574219 0.097416 0.031250
0 0.434394 0.534180 0.097416 0.029297
0 0.444334 0.500488 0.093439 0.032227
0 0.458250 0.467773 0.097416 0.037109
0 0.479125 0.436523 0.091451 0.033203
0 0.496024 0.411133 0.089463 0.035156
0 0.503976 0.382324 0.089463 0.028320
0 0.510934 0.357422 0.087475 0.027344
0 0.513917 0.333008 0.085487 0.023438
0 0.509940 0.293457 0.069583 0.018555
0 0.504970 0.273926 0.075547 0.012695
0 0.497018 0.255859 0.071571 0.017578
0 0.495030 0.233887 0.067594 0.016602
0 0.492048 0.215820 0.073559 0.015625
0 0.494036 0.195801 0.073559 0.018555
0 0.514911 0.312012 0.071571 0.014648
1 0.469185 0.403320 0.230616 0.482422
