0 0.422199 0.928161 0.533195 0.078161
0 0.512448 0.842816 0.394191 0.076437
0 0.533195 0.745115 0.381743 0.087931
0 0.474066 0.669540 0.358921 0.078161
0 0.391079 0.589080 0.400415 0.097701
0 0.519710 0.030747 0.213693 0.041954
0 0.439834 0.176149 0.236515 0.053448
0 0.327801 0.516092 0.348548 0.071264
0 0.296680 0.451724 0.336100 0.071264
0 0.265560 0.383333 0.298755 0.056322
0 0.278008 0.324138 0.290456 0.055172
0 0.311203 0.268966 0.307054 0.062069
0 0.373444 0.220690 0.265560 0.064368
0 0.470954 0.127011 0.219917 0.047126
0 0.502075 0.077011 0.190871 0.041379
1 0.415975 0.500000 0.794606 1.000000
