0 0.507860 0.851074 0.154776 0.090820
0 0.528416 0.766602 0.140266 0.087891
0 0.541717 0.688477 0.130593 0.066406
0 0.548368 0.610840 0.119710 0.065430
0 0.541112 0.542480 0.112455 0.061523
0 0.532648 0.477539 0.105200 0.060547
0 0.527811 0.418457 0.095526 0.049805
0 0.527811 0.362793 0.095526 0.049805
0 0.533253 0.309082 0.082225 0.047852
0 0.531439 0.253906 0.081016 0.046875
0 0.524788 0.203613 0.072551 0.043945
0 0.527811 0.152832 0.073761 0.045898
0 0.529625 0.103516 0.077388 0.044922
0 0.528416 0.058105 0.077388 0.040039
0 0.525998 0.015137 0.082225 0.030273
1 0.509069 0.467773 0.241838 0.935547
