0 0.502519 0.613770 0.108312 0.022461
0 0.493703 0.584473 0.105793 0.032227
0 0.481108 0.550781 0.085642 0.031250
0 0.459698 0.516602 0.088161 0.029297
0 0.444584 0.483887 0.078086 0.030273
0 0.431990 0.456055 0.073048 0.025391
0 0.424433 0.428711 0.073048 0.023438
0 0.424433 0.404297 0.068010 0.021484
0 0.433249 0.380371 0.055416 0.020508
0 0.439547 0.357422 0.052897 0.017578
0 0.452141 0.336914 0.042821 0.017578
0 0.465995 0.318848 0.045340 0.018555
0 0.476071 0.299316 0.050378 0.018555
0 0.489924 0.279297 0.052897 0.021484
0 0.502519 0.258789 0.047859 0.019531
0 0.518892 0.238770 0.050378 0.020508
1 0.481108 0.410156 0.282116 0.449219
