0 0.533049 0.572266 0.127932 0.035156
0 0.517058 0.546387 0.113006 0.036133
0 0.501066 0.519043 0.102345 0.032227
0 0.481876 0.488770 0.089552 0.028320
0 0.473348 0.458496 0.081023 0.028320
0 0.472281 0.428711 0.083156 0.023438
0 0.479744 0.400879 0.085288 0.026367
0 0.489339 0.376465 0.078891 0.026367
0 0.501066 0.352539 0.076759 0.023438
0 0.506397 0.329102 0.074627 0.023438
0 0.508529 0.304199 0.070362 0.020508
0 0.507463 0.281738 0.063966 0.016602
0 0.507463 0.262695 0.051173 0.015625
0 0.510661 0.241699 0.057569 0.016602
0 0.509595 0.223633 0.059701 0.011719
1 0.515991 0.409180 0.255864 0.400391
