0 0.504662 0.664551 0.109557 0.030273
0 0.503497 0.630371 0.107226 0.024414
0 0.498834 0.594727 0.097902 0.031250
0 0.506993 0.557617 0.104895 0.027344
0 0.526807 0.522949 0.097902 0.028320
0 0.552448 0.493164 0.111888 0.031250
0 0.571096 0.463379 0.097902 0.030273
0 0.576923 0.433105 0.081585 0.024414
0 0.578089 0.404297 0.079254 0.025391
0 0.566434 0.377930 0.083916 0.027344
0 0.546620 0.354004 0.081585 0.026367
0 0.530303 0.329102 0.081585 0.027344
0 0.517483 0.305664 0.069930 0.023438
0 0.510490 0.282227 0.065268 0.023438
0 0.502331 0.260742 0.058275 0.017578
0 0.501166 0.237305 0.060606 0.017578
1 0.536131 0.464844 0.317016 0.480469
