0 0.577801 0.928161 0.533195 0.078161
0 0.487552 0.842816 0.394191 0.076437
0 0.466805 0.745115 0.381743 0.087931
0 0.525934 0.669540 0.358921 0.078161
0 0.608921 0.589080 0.400415 0.097701
0 0.480290 0.030747 0.213693 0.041954
0 0.560166 0.176149 0.236515 0.053448
0 0.672199 0.516092 0.348548 0.071264
0 0.703320 0.451724 0.336100 0.071264
0 0.734440 0.383333 0.298755 0.056322
0 0.721992 0.324138 0.290456 0.055172
0 0.688797 0.268966 0.307054 0.062069
0 0.626556 0.220690 0.265560 0.064368
0 0.529046 0.127011 0.219917 0.047126
0 0.497925 0.077011 0.190871 0.041379
1 0.584025 0.500000 0.794606 1.000000
