0 0.598958 0.760498 0.096354 0.042480
0 0.591797 0.714844 0.088542 0.039062
0 0.584310 0.674072 0.090495 0.039551
0 0.587240 0.629639 0.092448 0.034668
0 0.589193 0.590576 0.089844 0.033691
0 0.586263 0.549072 0.068359 0.028809
0 0.587565 0.511963 0.067057 0.030762
0 0.587891 0.477783 0.065104 0.028809
0 0.590169 0.442383 0.061849 0.028320
0 0.586263 0.409912 0.060547 0.027832
0 0.580404 0.376221 0.061849 0.035645
0 0.570638 0.343506 0.067057 0.032715
0 0.571615 0.311035 0.065104 0.030273
0 0.573568 0.281494 0.067708 0.020996
0 0.574219 0.256104 0.067708 0.022949
2 0.598958 0.502686 0.238281 0.592285
