0 0.479216 0.626221 0.062945 0.034668
0 0.470309 0.586670 0.057007 0.028809
0 0.472684 0.549072 0.058195 0.028809
0 0.478622 0.516602 0.060570 0.030273
0 0.487233 0.483643 0.057601 0.029785
0 0.493468 0.453369 0.053444 0.026855
0 0.498812 0.426758 0.047506 0.024414
0 0.503860 0.398926 0.046912 0.022461
0 0.503860 0.373535 0.043349 0.020508
0 0.499406 0.347656 0.040380 0.022461
0 0.493468 0.323975 0.040380 0.021973
0 0.487530 0.301025 0.036817 0.020996
0 0.485154 0.275879 0.035629 0.019531
0 0.486342 0.252441 0.039192 0.019531
0 0.488717 0.229004 0.040380 0.016602
1 0.483076 0.427490 0.119359 0.448730
