0 0.463758 0.750977 0.143624 0.035156
0 0.442953 0.714600 0.131544 0.031738
0 0.433557 0.675537 0.131544 0.026855
0 0.438926 0.643555 0.123490 0.025391
0 0.454362 0.610352 0.122148 0.024414
0 0.460403 0.581299 0.110067 0.022949
0 0.459732 0.551514 0.103356 0.022949
0 0.455705 0.524414 0.097987 0.022461
0 0.446980 0.499023 0.091275 0.020508
0 0.442282 0.472900 0.097987 0.025879
0 0.440940 0.445557 0.095302 0.020996
0 0.440268 0.420898 0.091275 0.022461
0 0.442282 0.398682 0.092617 0.019043
0 0.446980 0.377441 0.107383 0.017578
0 0.448322 0.358154 0.112752 0.015137
0 0.442953 0.342285 0.120805 0.012695
1 0.462416 0.564941 0.390604 0.541016
