0 0.705217 0.895508 0.206957 0.074219
0 0.685217 0.819336 0.208696 0.078125
0 0.642609 0.750000 0.200000 0.095703
0 0.590435 0.683105 0.200000 0.071289
0 0.532174 0.626953 0.187826 0.082031
0 0.502609 0.573242 0.160000 0.062500
0 0.469565 0.524414 0.146087 0.041016
0 0.463478 0.469238 0.158261 0.049805
0 0.500000 0.429199 0.154783 0.061523
0 0.548696 0.388672 0.144348 0.064453
0 0.583478 0.339844 0.137391 0.058594
0 0.597391 0.285156 0.133913 0.046875
0 0.598261 0.242188 0.118261 0.035156
0 0.599130 0.196289 0.113043 0.035156
0 0.590435 0.147949 0.126957 0.038086
1 0.601739 0.541016 0.521739 0.843750
