0 0.511905 0.717773 0.099206 0.023438
0 0.509921 0.693848 0.087302 0.018555
0 0.515873 0.668945 0.087302 0.023438
0 0.523810 0.635742 0.079365 0.029297
0 0.529762 0.601074 0.075397 0.028320
0 0.537698 0.564941 0.075397 0.026367
0 0.545635 0.533203 0.071429 0.023438
0 0.548611 0.505859 0.069444 0.021484
0 0.553571 0.480469 0.071429 0.019531
0 0.547619 0.456055 0.067460 0.017578
0 0.542659 0.433105 0.065476 0.020508
0 0.525794 0.409180 0.051587 0.019531
0 0.515873 0.388672 0.047619 0.019531
0 0.504960 0.368164 0.061508 0.019531
0 0.491071 0.347168 0.061508 0.024414
0 0.477183 0.324219 0.061508 0.021484
0 0.469246 0.305664 0.053571 0.019531
0 0.459325 0.284668 0.053571 0.018555
0 0.457341 0.266113 0.049603 0.016602
1 0.523810 0.485352 0.293651 0.535156
