0 0.536242 0.750977 0.143624 0.035156
0 0.557047 0.714600 0.131544 0.031738
0 0.566443 0.675537 0.131544 0.026855
0 0.561074 0.643555 0.123490 0.025391
0 0.545638 0.610352 0.122148 0.024414
0 0.539597 0.581299 0.110067 0.022949
0 0.540268 0.551514 0.103356 0.022949
0 0.544295 0.524414 0.097987 0.022461
0 0.553020 0.499023 0.091275 0.020508
0 0.557718 0.472900 0.097987 0.025879
0 0.559060 0.445557 0.095302 0.020996
0 0.559732 0.420898 0.091275 0.022461
0 0.557718 0.398682 0.092617 0.019043
0 0.553020 0.377441 0.107383 0.017578
0 0.551678 0.358154 0.112752 0.015137
0 0.557047 0.342285 0.120805 0.012695
1 0.537584 0.564941 0.390604 0.541016
