0 0.513672 0.673340 0.102865 0.043945
0 0.504557 0.620117 0.108073 0.052734
0 0.490885 0.556152 0.093750 0.041992
0 0.494141 0.494629 0.082031 0.038086
0 0.498698 0.435547 0.096354 0.041016
0 0.513021 0.382324 0.096354 0.045898
0 0.528646 0.333496 0.093750 0.051758
0 0.546224 0.280762 0.087240 0.043945
0 0.559896 0.237305 0.067708 0.035156
0 0.563151 0.189453 0.079427 0.041016
0 0.552734 0.145020 0.076823 0.043945
0 0.546875 0.103027 0.065104 0.043945
0 0.537760 0.064453 0.070312 0.041016
0 0.531901 0.027344 0.063802 0.037109
1 0.519531 0.362305 0.247396 0.724609
