0 0.514648 0.848389 0.116536 0.047363
0 0.503581 0.799805 0.094401 0.041992
0 0.499674 0.751709 0.103516 0.040527
0 0.500977 0.702637 0.093099 0.036133
0 0.500000 0.658936 0.082031 0.035645
0 0.501628 0.615967 0.074870 0.033691
0 0.501302 0.575195 0.075521 0.035156
0 0.498047 0.537842 0.066406 0.033691
0 0.495768 0.502686 0.063151 0.034668
0 0.491862 0.467285 0.063151 0.032227
0 0.484375 0.431396 0.063802 0.034668
0 0.479492 0.401123 0.068359 0.030762
0 0.474609 0.363281 0.063802 0.033203
0 0.476888 0.336670 0.060547 0.021973
0 0.480143 0.306641 0.064453 0.029297
0 0.485352 0.273926 0.073568 0.027344
1 0.509440 0.565918 0.177734 0.641602
