0 0.457421 0.747559 0.131387 0.043945
0 0.434307 0.706543 0.133820 0.038086
0 0.411192 0.673340 0.126521 0.034180
0 0.411192 0.636719 0.116788 0.025391
0 0.424574 0.602539 0.133820 0.035156
0 0.447689 0.568359 0.121655 0.031250
0 0.458637 0.540527 0.104623 0.028320
0 0.467153 0.510254 0.102190 0.024414
0 0.465937 0.481445 0.090024 0.027344
0 0.468370 0.451172 0.085158 0.025391
0 0.468370 0.422852 0.080292 0.025391
0 0.464720 0.391602 0.077859 0.029297
0 0.461071 0.362793 0.075426 0.022461
0 0.461071 0.338379 0.085158 0.020508
0 0.462287 0.315430 0.087591 0.017578
0 0.461071 0.295410 0.090024 0.018555
1 0.442822 0.524414 0.296837 0.521484
