0 0.525926 0.770508 0.111111 0.058594
0 0.493519 0.724121 0.094444 0.045898
0 0.469444 0.675781 0.090741 0.042969
0 0.472222 0.625488 0.096296 0.024414
0 0.491667 0.589844 0.098148 0.035156
0 0.516667 0.557617 0.085185 0.033203
0 0.532407 0.522461 0.079630 0.033203
0 0.548148 0.487305 0.062963 0.029297
0 0.548148 0.453613 0.055556 0.024414
0 0.537963 0.421875 0.053704 0.025391
0 0.528704 0.390625 0.050000 0.023438
0 0.519444 0.360840 0.050000 0.022461
0 0.510185 0.326660 0.053704 0.026367
0 0.504630 0.294434 0.057407 0.022461
0 0.504630 0.266113 0.061111 0.018555
0 0.502778 0.238770 0.061111 0.020508
1 0.496296 0.503906 0.229630 0.628906
