0 0.468323 0.769419 0.156522 0.037128
0 0.432919 0.714216 0.175155 0.054714
0 0.406832 0.666585 0.162733 0.047386
0 0.380745 0.622618 0.142857 0.039570
0 0.382609 0.577919 0.139130 0.030288
0 0.403727 0.538105 0.136646 0.024915
0 0.409938 0.503420 0.121739 0.024915
0 0.419255 0.470445 0.122981 0.023449
0 0.418634 0.440401 0.109317 0.026869
0 0.413665 0.408158 0.109317 0.028823
0 0.415528 0.381778 0.103106 0.022960
0 0.405590 0.351734 0.122981 0.033219
0 0.402484 0.323400 0.119255 0.024426
0 0.392547 0.290914 0.104348 0.024915
1 0.404348 0.521739 0.363975 0.593063
