0 0.554795 0.630859 0.193738 0.072266
0 0.549902 0.561035 0.183953 0.063477
0 0.568493 0.512695 0.178082 0.060547
0 0.590020 0.460938 0.174168 0.056641
0 0.611546 0.416504 0.166341 0.055664
0 0.620352 0.366211 0.148728 0.029297
0 0.625245 0.331543 0.158513 0.038086
0 0.615460 0.291992 0.158513 0.037109
0 0.593933 0.260254 0.178082 0.047852
0 0.559687 0.228516 0.152642 0.050781
0 0.535225 0.192871 0.123288 0.041992
0 0.519569 0.162598 0.123288 0.041992
0 0.508806 0.132812 0.113503 0.041016
0 0.499022 0.097168 0.109589 0.036133
1 0.557730 0.378906 0.332681 0.621094
