0 0.422636 0.933916 0.386819 0.098307
0 0.396132 0.830147 0.353868 0.087384
0 0.368195 0.734571 0.343840 0.085199
0 0.422636 0.638995 0.329513 0.087384
0 0.630372 0.273894 0.249284 0.056253
0 0.611032 0.212998 0.219198 0.065538
0 0.484957 0.560623 0.290831 0.083561
0 0.621060 0.339432 0.219198 0.052977
0 0.589542 0.411524 0.262178 0.069361
0 0.556590 0.488804 0.262178 0.089569
0 0.563754 0.156745 0.210602 0.065538
0 0.505731 0.107318 0.200573 0.058438
0 0.434814 0.047242 0.210602 0.058438
1 0.501433 0.500000 0.667622 1.000000
