0 0.515625 0.645996 0.069010 0.032227
0 0.518555 0.607666 0.060547 0.038574
0 0.511719 0.571045 0.071615 0.043457
0 0.489583 0.534180 0.074219 0.046875
0 0.467122 0.503662 0.078776 0.039551
0 0.448893 0.474121 0.067057 0.038086
0 0.437174 0.442871 0.055339 0.032227
0 0.430990 0.413818 0.045573 0.025879
0 0.432292 0.386963 0.050781 0.025879
0 0.442708 0.361572 0.049479 0.028809
0 0.453776 0.336670 0.049479 0.028809
0 0.471029 0.314209 0.039714 0.024902
0 0.484701 0.291260 0.039714 0.026855
0 0.497396 0.272705 0.040365 0.024902
0 0.501953 0.252197 0.039062 0.023926
0 0.504883 0.229004 0.033203 0.020508
1 0.491862 0.440186 0.211589 0.518066
