0 0.347982 0.806885 0.129557 0.060059
0 0.358073 0.751221 0.111979 0.053223
0 0.366536 0.692871 0.106771 0.045898
0 0.367839 0.637695 0.100260 0.042969
0 0.362956 0.582764 0.091797 0.043457
0 0.362305 0.531006 0.083984 0.043457
0 0.360352 0.484863 0.081380 0.042969
0 0.362305 0.438477 0.081380 0.038086
0 0.365885 0.396729 0.076823 0.037598
0 0.371094 0.355469 0.079427 0.038086
0 0.378906 0.312500 0.080729 0.041016
0 0.385417 0.275635 0.085938 0.038574
0 0.389648 0.232422 0.078776 0.041016
0 0.385742 0.195801 0.078776 0.036133
0 0.380534 0.164551 0.078776 0.038086
0 0.375326 0.127930 0.085286 0.031250
1 0.357747 0.479980 0.233724 0.780273
