0 0.570696 0.749756 0.163056 0.036621
0 0.561574 0.704834 0.165336 0.042480
0 0.545610 0.662842 0.156214 0.053223
0 0.510262 0.619385 0.160775 0.045410
0 0.474914 0.581055 0.137970 0.045898
0 0.455530 0.544678 0.110604 0.039551
0 0.431015 0.509033 0.109464 0.033691
0 0.428734 0.473877 0.109464 0.028809
0 0.435006 0.437744 0.115165 0.031738
0 0.455530 0.406494 0.110604 0.033691
0 0.478335 0.374268 0.110604 0.034668
0 0.510262 0.343750 0.112885 0.034180
0 0.526796 0.309570 0.109464 0.033203
0 0.541619 0.275635 0.102623 0.031738
0 0.552452 0.242432 0.110604 0.029785
0 0.561003 0.212402 0.114025 0.026367
1 0.509692 0.474609 0.444698 0.666016
