0 0.487069 0.380308 0.178571 0.051486
0 0.497537 0.435510 0.199507 0.055732
0 0.520320 0.490446 0.227833 0.052017
0 0.533251 0.553609 0.209360 0.058386
0 0.546798 0.619692 0.248768 0.076964
0 0.531404 0.693471 0.262315 0.070594
0 0.498768 0.767781 0.221675 0.078025
0 0.443966 0.849257 0.264778 0.074310
0 0.432882 0.926221 0.242611 0.058386
0 0.482143 0.326433 0.168719 0.047771
0 0.469828 0.271497 0.156404 0.049363
0 0.460591 0.215764 0.137931 0.046178
0 0.466749 0.165340 0.150246 0.046178
0 0.488300 0.037420 0.181034 0.039809
0 0.480296 0.079087 0.172414 0.048832
0 0.469828 0.121019 0.144089 0.047771
1 0.482143 0.500796 0.488916 0.998408
