0 0.438401 0.538191 0.213630 0.052546
0 0.438401 0.609697 0.229358 0.061213
0 0.414155 0.921723 0.290957 0.075298
0 0.441022 0.839112 0.281782 0.076923
0 0.454128 0.767335 0.255570 0.066631
0 0.454128 0.685536 0.229358 0.063380
0 0.426606 0.472373 0.195282 0.059588
0 0.439056 0.349675 0.178244 0.048212
0 0.427916 0.406826 0.179554 0.049837
0 0.452163 0.294150 0.186107 0.054171
0 0.472477 0.238624 0.184797 0.060130
0 0.517038 0.181203 0.171691 0.061213
0 0.519659 0.125948 0.140236 0.037378
0 0.513761 0.078007 0.165138 0.050921
0 0.517693 0.029523 0.157274 0.052546
1 0.423329 0.496479 0.487549 0.992958
