0 0.484375 0.645996 0.069010 0.032227
0 0.481445 0.607666 0.060547 0.038574
0 0.488281 0.571045 0.071615 0.043457
0 0.510417 0.534180 0.074219 0.046875
0 0.532878 0.503662 0.078776 0.039551
0 0.551107 0.474121 0.067057 0.038086
0 0.562826 0.442871 0.055339 0.032227
0 0.569010 0.413818 0.045573 0.025879
0 0.567708 0.386963 0.050781 0.025879
0 0.557292 0.361572 0.049479 0.028809
0 0.546224 0.336670 0.049479 0.028809
0 0.528971 0.314209 0.039714 0.024902
0 0.515299 0.291260 0.039714 0.026855
0 0.502604 0.272705 0.040365 0.024902
0 0.498047 0.252197 0.039062 0.023926
0 0.495117 0.229004 0.033203 0.020508
1 0.508138 0.440186 0.211589 0.518066
