0 0.491121 0.765585 0.129856 0.044095
0 0.498335 0.724278 0.122087 0.036493
0 0.500000 0.681196 0.109878 0.036493
0 0.492231 0.643183 0.103219 0.035479
0 0.477802 0.607704 0.100999 0.032438
0 0.472808 0.578307 0.097669 0.028383
0 0.468923 0.547643 0.087680 0.024835
0 0.472808 0.518500 0.075472 0.024328
0 0.477248 0.490877 0.071032 0.020781
0 0.478912 0.465535 0.074362 0.021794
0 0.480022 0.440446 0.065483 0.020274
0 0.481687 0.415104 0.062153 0.021287
0 0.482242 0.390269 0.065483 0.019260
0 0.480022 0.367207 0.072142 0.020781
0 0.476138 0.343893 0.073252 0.021794
0 0.473363 0.318804 0.081021 0.024328
1 0.495006 0.552458 0.210877 0.509883
