0 0.451737 0.838623 0.131274 0.061035
0 0.429537 0.781738 0.113900 0.044922
0 0.431467 0.723633 0.129344 0.043945
0 0.448842 0.674316 0.121622 0.046875
0 0.472008 0.627441 0.125483 0.048828
0 0.494208 0.582031 0.115830 0.045898
0 0.506757 0.540771 0.102317 0.036621
0 0.515444 0.500732 0.084942 0.031738
0 0.513031 0.463623 0.076255 0.029785
0 0.501448 0.430176 0.082046 0.033203
0 0.479247 0.400391 0.078185 0.032227
0 0.459459 0.371826 0.071429 0.027832
0 0.447876 0.344482 0.059846 0.025879
0 0.440154 0.313965 0.059846 0.023438
0 0.433398 0.286377 0.059846 0.023926
1 0.457046 0.572266 0.288610 0.669922
