0 0.512668 0.721354 0.144560 0.067708
0 0.497019 0.653067 0.131148 0.067708
0 0.485842 0.592014 0.123696 0.054398
0 0.484724 0.527488 0.125931 0.053819
0 0.489568 0.466725 0.110283 0.058449
0 0.497019 0.409433 0.105812 0.052662
0 0.506334 0.353877 0.094635 0.052662
0 0.514158 0.303241 0.087928 0.042824
0 0.521237 0.255787 0.088674 0.037037
0 0.524590 0.207176 0.080477 0.037037
0 0.521982 0.160301 0.079732 0.042824
0 0.512668 0.117188 0.078987 0.039931
0 0.507452 0.068866 0.078987 0.042824
0 0.504844 0.023727 0.070790 0.037037
1 0.495529 0.389757 0.220566 0.779514
