0 0.468064 0.681641 0.165669 0.048828
0 0.446108 0.633545 0.141717 0.043457
0 0.441617 0.582275 0.128743 0.038574
0 0.458583 0.536865 0.124750 0.038574
0 0.489521 0.491699 0.114770 0.037109
0 0.511976 0.457031 0.103792 0.040039
0 0.529940 0.418213 0.101796 0.032715
0 0.538423 0.384033 0.084830 0.028809
0 0.544411 0.349854 0.088822 0.026855
0 0.533433 0.316650 0.088822 0.028809
0 0.517964 0.288818 0.077844 0.028809
0 0.494511 0.262451 0.074850 0.025879
0 0.476547 0.234131 0.074850 0.026855
1 0.486527 0.457275 0.348303 0.549316
