0 0.513699 0.723593 0.099315 0.035538
0 0.504281 0.682626 0.097603 0.042448
0 0.482021 0.634748 0.111301 0.043435
0 0.460616 0.591807 0.095890 0.036525
0 0.443493 0.558736 0.085616 0.031589
0 0.432363 0.519250 0.080479 0.027641
0 0.435788 0.476802 0.073630 0.027641
0 0.448630 0.442744 0.078767 0.030602
0 0.467466 0.412636 0.075342 0.031589
0 0.476027 0.379566 0.061644 0.026654
0 0.478596 0.348470 0.066781 0.023692
0 0.470890 0.317374 0.071918 0.028628
0 0.452055 0.283317 0.075342 0.033564
0 0.442637 0.255183 0.059932 0.026654
1 0.488014 0.496545 0.256849 0.542942
