0 0.508138 0.743652 0.111328 0.046875
0 0.504883 0.688232 0.100911 0.053223
0 0.495443 0.639404 0.100260 0.052246
0 0.482422 0.589111 0.104167 0.054199
0 0.461263 0.542480 0.095703 0.055664
0 0.440104 0.503662 0.088542 0.050293
0 0.424479 0.465576 0.087240 0.048340
0 0.415690 0.429688 0.078776 0.041016
0 0.412435 0.393311 0.078776 0.032715
0 0.415690 0.357666 0.074870 0.033691
0 0.426758 0.324463 0.076172 0.035645
0 0.437500 0.291748 0.071615 0.038574
0 0.447591 0.260742 0.064453 0.037109
0 0.459961 0.227539 0.068359 0.033203
0 0.465820 0.195557 0.063151 0.031738
0 0.475260 0.163330 0.065104 0.027832
1 0.447591 0.461182 0.304036 0.733887
