0 0.535024 0.608887 0.137681 0.030273
0 0.548309 0.578613 0.115942 0.032227
0 0.543478 0.539062 0.101449 0.027344
0 0.528986 0.506348 0.101449 0.022461
0 0.519324 0.478027 0.091787 0.028320
0 0.506039 0.447266 0.108696 0.029297
0 0.484300 0.417969 0.108696 0.029297
0 0.462560 0.389648 0.103865 0.027344
0 0.452899 0.360352 0.089372 0.023438
0 0.449275 0.331543 0.082126 0.024414
0 0.458937 0.306152 0.077295 0.026367
0 0.475845 0.281738 0.082126 0.026367
0 0.497585 0.255859 0.082126 0.029297
0 0.514493 0.235352 0.067633 0.021484
0 0.522947 0.213379 0.070048 0.022461
0 0.526570 0.190918 0.067633 0.018555
0 0.532609 0.170410 0.065217 0.018555
0 0.537440 0.148438 0.070048 0.017578
1 0.492754 0.385742 0.376812 0.533203
