0 0.486328 0.673340 0.102865 0.043945
0 0.495443 0.620117 0.108073 0.052734
0 0.509115 0.556152 0.093750 0.041992
0 0.505859 0.494629 0.082031 0.038086
0 0.501302 0.435547 0.096354 0.041016
0 0.486979 0.382324 0.096354 0.045898
0 0.471354 0.333496 0.093750 0.051758
0 0.453776 0.280762 0.087240 0.043945
0 0.440104 0.237305 0.067708 0.035156
0 0.436849 0.189453 0.079427 0.041016
0 0.447266 0.145020 0.076823 0.043945
0 0.453125 0.103027 0.065104 0.043945
0 0.462240 0.064453 0.070312 0.041016
0 0.468099 0.027344 0.063802 0.037109
1 0.480469 0.362305 0.247396 0.724609
