0 0.495805 0.835938 0.125839 0.041016
0 0.499161 0.788086 0.119128 0.039062
0 0.489933 0.741211 0.117450 0.039062
0 0.468960 0.698242 0.112416 0.039062
0 0.462248 0.654785 0.112416 0.034180
0 0.465604 0.615723 0.109060 0.034180
0 0.478188 0.584473 0.104027 0.036133
0 0.486577 0.549316 0.090604 0.036133
0 0.491611 0.515625 0.083893 0.031250
0 0.495805 0.482422 0.082215 0.027344
0 0.496644 0.450684 0.077181 0.026367
0 0.495805 0.417480 0.072148 0.032227
0 0.496644 0.384277 0.073826 0.030273
0 0.494966 0.354980 0.073826 0.030273
0 0.488255 0.329102 0.077181 0.029297
0 0.479866 0.302246 0.087248 0.026367
1 0.471477 0.564453 0.238255 0.609375
