0 0.592448 0.728760 0.105469 0.043457
0 0.588867 0.673584 0.098307 0.041504
0 0.595052 0.617432 0.100260 0.042480
0 0.597005 0.561768 0.096354 0.042480
0 0.592448 0.514893 0.098958 0.043457
0 0.580729 0.469482 0.098958 0.039551
0 0.570312 0.427002 0.092448 0.037598
0 0.562500 0.387207 0.084635 0.040039
0 0.556315 0.346436 0.085286 0.035645
0 0.549479 0.306885 0.075521 0.029785
0 0.550456 0.265381 0.070964 0.035645
0 0.546875 0.224365 0.070312 0.035645
0 0.549805 0.186035 0.078776 0.034180
0 0.550781 0.149414 0.084635 0.026367
1 0.579427 0.446777 0.194010 0.652344
