0 0.516129 0.933923 0.297767 0.083247
0 0.547146 0.853538 0.272953 0.085848
0 0.588089 0.701353 0.248139 0.072841
0 0.576923 0.778616 0.258065 0.069199
0 0.505583 0.363684 0.177419 0.050989
0 0.510546 0.422737 0.192308 0.054631
0 0.519231 0.491935 0.204715 0.059834
0 0.552109 0.627732 0.220844 0.071280
0 0.539702 0.558793 0.225806 0.068678
0 0.522953 0.305411 0.167494 0.062435
0 0.566377 0.051249 0.155087 0.045265
0 0.570720 0.094173 0.121588 0.047867
0 0.583127 0.148023 0.126551 0.049428
0 0.526675 0.254162 0.194789 0.053590
0 0.573821 0.205515 0.165012 0.046826
1 0.475186 0.500000 0.595533 1.000000
