0 0.515432 0.729980 0.120370 0.075195
0 0.496142 0.655273 0.103395 0.052734
0 0.498457 0.595215 0.114198 0.049805
0 0.494599 0.537109 0.100309 0.052734
0 0.500000 0.477051 0.111111 0.049805
0 0.513889 0.433105 0.126543 0.036133
0 0.519290 0.388184 0.100309 0.047852
0 0.527778 0.345215 0.098765 0.041992
0 0.532407 0.294434 0.080247 0.045898
0 0.530093 0.253418 0.094136 0.041992
0 0.525463 0.216309 0.094136 0.041992
0 0.516975 0.175293 0.077160 0.043945
0 0.506944 0.132812 0.081790 0.041016
1 0.506173 0.439453 0.209877 0.691406
