0 0.449698 0.854980 0.171026 0.063477
0 0.429577 0.799316 0.167002 0.063477
0 0.400402 0.743164 0.128773 0.052734
0 0.411469 0.687012 0.146881 0.047852
0 0.438632 0.641113 0.136821 0.049805
0 0.471831 0.593262 0.142857 0.053711
0 0.498994 0.546387 0.144869 0.041992
0 0.513078 0.511719 0.132797 0.039062
0 0.518109 0.469238 0.118712 0.040039
0 0.514085 0.429688 0.106640 0.035156
0 0.494970 0.391602 0.104628 0.041016
0 0.479879 0.353516 0.098592 0.033203
0 0.461771 0.317871 0.094567 0.034180
0 0.460765 0.277832 0.104628 0.036133
0 0.457746 0.246582 0.090543 0.024414
0 0.457746 0.210938 0.106640 0.033203
1 0.450704 0.548828 0.321932 0.750000
