0 0.571581 0.679688 0.164530 0.044922
0 0.559829 0.636230 0.141026 0.028320
0 0.558761 0.598145 0.130342 0.030273
0 0.550214 0.563965 0.113248 0.024414
0 0.540598 0.533203 0.115385 0.025391
0 0.533120 0.508789 0.113248 0.019531
0 0.525641 0.486328 0.128205 0.021484
0 0.517094 0.462402 0.128205 0.022461
0 0.509615 0.435547 0.113248 0.025391
0 0.502137 0.408203 0.102564 0.025391
0 0.501068 0.381348 0.087607 0.022461
0 0.501068 0.354980 0.083333 0.024414
0 0.501068 0.328125 0.083333 0.023438
0 0.491453 0.301270 0.085470 0.028320
0 0.480769 0.275391 0.085470 0.025391
0 0.473291 0.250488 0.087607 0.024414
0 0.467949 0.225586 0.089744 0.023438
0 0.462607 0.201660 0.091880 0.022461
1 0.532051 0.435547 0.337607 0.535156
