0 0.505917 0.728027 0.163708 0.045898
0 0.484221 0.676758 0.140039 0.048828
0 0.470414 0.625000 0.128205 0.042969
0 0.471400 0.576660 0.126233 0.038086
0 0.480276 0.528809 0.136095 0.045898
0 0.495069 0.489258 0.134122 0.046875
0 0.511834 0.452148 0.124260 0.041016
0 0.516765 0.414551 0.118343 0.036133
0 0.519724 0.379883 0.116371 0.031250
0 0.524655 0.344727 0.110454 0.031250
0 0.519724 0.308594 0.096647 0.033203
0 0.508876 0.276367 0.094675 0.033203
0 0.497041 0.243164 0.094675 0.033203
0 0.493097 0.213867 0.090730 0.027344
0 0.492110 0.183105 0.092702 0.024414
1 0.502959 0.457031 0.272189 0.640625
