0 0.486817 0.619284 0.122411 0.073559
0 0.516008 0.558648 0.090395 0.043738
0 0.527307 0.513917 0.082863 0.033797
0 0.531073 0.472664 0.079096 0.030815
0 0.527307 0.435388 0.082863 0.029821
0 0.515066 0.399105 0.077213 0.028827
0 0.498117 0.365805 0.073446 0.025845
0 0.491525 0.331511 0.067797 0.030815
0 0.489642 0.295726 0.067797 0.028827
0 0.494350 0.263419 0.069680 0.023857
0 0.505650 0.232107 0.069680 0.026839
0 0.514124 0.201789 0.075330 0.025845
0 0.511299 0.170477 0.077213 0.022863
0 0.512241 0.146620 0.060264 0.018887
0 0.511299 0.119284 0.062147 0.019881
0 0.514124 0.082008 0.060264 0.028827
1 0.506591 0.350895 0.233522 0.638171
