0 0.467391 0.808594 0.164596 0.022461
0 0.458851 0.776367 0.138199 0.035156
0 0.452640 0.739502 0.119565 0.031738
0 0.460404 0.701904 0.119565 0.026855
0 0.476708 0.669434 0.108696 0.028320
0 0.482143 0.640869 0.104037 0.026855
0 0.482143 0.613281 0.104037 0.023438
0 0.484472 0.584229 0.093168 0.026855
0 0.486025 0.556885 0.090062 0.020996
0 0.486801 0.536377 0.082298 0.015137
0 0.489130 0.518066 0.080745 0.014648
0 0.479814 0.497559 0.086957 0.020508
0 0.475155 0.473633 0.077640 0.023438
0 0.470497 0.448730 0.093168 0.022461
0 0.475155 0.422852 0.096273 0.027344
0 0.479814 0.396973 0.099379 0.020508
0 0.481366 0.374023 0.108696 0.019531
1 0.458851 0.588135 0.237578 0.473145
