0 0.517321 0.669434 0.143187 0.045898
0 0.528868 0.626465 0.124711 0.034180
0 0.531178 0.589355 0.115473 0.032227
0 0.519630 0.549316 0.120092 0.036133
0 0.491917 0.514160 0.124711 0.043945
0 0.466513 0.482422 0.124711 0.033203
0 0.451501 0.452148 0.103926 0.033203
0 0.442263 0.421387 0.094688 0.030273
0 0.445727 0.366699 0.096998 0.032227
0 0.463048 0.340332 0.085450 0.030273
0 0.480370 0.318848 0.073903 0.022461
0 0.497691 0.296387 0.066975 0.020508
0 0.511547 0.272461 0.066975 0.021484
1 0.498845 0.462891 0.290993 0.484375
