0 0.509112 0.579590 0.123007 0.037109
0 0.523918 0.541748 0.116173 0.033691
0 0.521071 0.508057 0.121868 0.030762
0 0.521640 0.470703 0.109339 0.035156
0 0.509112 0.435547 0.107062 0.029297
0 0.504556 0.406006 0.097950 0.025879
0 0.494305 0.376953 0.091116 0.026367
0 0.488041 0.348633 0.085421 0.022461
0 0.484055 0.321777 0.086560 0.023438
0 0.494305 0.295166 0.077449 0.025879
0 0.502847 0.271484 0.080866 0.023438
0 0.513098 0.243652 0.089977 0.027344
0 0.517084 0.217285 0.084282 0.021484
0 0.518223 0.193848 0.072893 0.019531
0 0.517654 0.174316 0.078588 0.017578
1 0.508542 0.381104 0.231207 0.482910
