0 0.524364 0.810059 0.163136 0.059570
0 0.549788 0.763184 0.137712 0.051758
0 0.561441 0.717285 0.114407 0.040039
0 0.555085 0.671875 0.101695 0.033203
0 0.536017 0.629395 0.118644 0.034180
0 0.509534 0.597168 0.133475 0.045898
0 0.491525 0.559570 0.114407 0.035156
0 0.483051 0.529785 0.118644 0.032227
0 0.469280 0.498047 0.120763 0.035156
0 0.458686 0.464844 0.099576 0.027344
0 0.456568 0.432129 0.086864 0.026367
0 0.467161 0.402344 0.086864 0.029297
0 0.486229 0.371582 0.086864 0.038086
0 0.509534 0.341797 0.078390 0.035156
0 0.519068 0.308594 0.076271 0.037109
1 0.523305 0.525391 0.309322 0.691406
0 0.529661 0.279297 0.088983 0.025391
0 0.541314 0.248535 0.082627 0.020508
0 0.538136 0.222168 0.067797 0.026367
