0 0.424576 0.765869 0.125424 0.045410
0 0.440254 0.717529 0.100847 0.040527
0 0.444492 0.677979 0.097458 0.031738
0 0.448729 0.634277 0.087288 0.025391
0 0.447034 0.599121 0.080508 0.020508
0 0.450424 0.566406 0.087288 0.020508
0 0.447034 0.536377 0.080508 0.020020
0 0.437712 0.502686 0.078814 0.023926
0 0.430932 0.468750 0.078814 0.021484
0 0.427542 0.434326 0.085593 0.024902
0 0.437712 0.407959 0.065254 0.027832
0 0.444068 0.376709 0.066102 0.032715
0 0.450424 0.347656 0.065254 0.025391
0 0.455932 0.322510 0.067797 0.027832
0 0.457203 0.295410 0.056780 0.023438
1 0.424153 0.540039 0.238136 0.542969
