0 0.342952 0.929443 0.195837 0.067871
0 0.314570 0.874756 0.175024 0.059082
0 0.283349 0.818604 0.146641 0.051270
0 0.269631 0.761963 0.143803 0.052246
0 0.278619 0.710693 0.148534 0.051270
0 0.312204 0.662598 0.145695 0.052734
0 0.335856 0.620850 0.126774 0.047363
0 0.354778 0.582275 0.117313 0.045410
0 0.376537 0.542480 0.121097 0.041016
0 0.464995 0.352051 0.093661 0.035156
0 0.476821 0.319336 0.098392 0.032227
0 0.481552 0.288574 0.090823 0.030273
0 0.485336 0.258545 0.088931 0.028809
0 0.488647 0.231689 0.095553 0.021973
1 0.357143 0.593262 0.445601 0.813477
