0 0.511719 0.675781 0.074219 0.036133
0 0.513672 0.633301 0.067708 0.034180
0 0.504883 0.597656 0.072266 0.037109
0 0.485026 0.560303 0.070312 0.043457
0 0.460612 0.530518 0.065755 0.039551
0 0.446615 0.500000 0.066406 0.034180
0 0.434570 0.469482 0.052734 0.028809
0 0.429688 0.439209 0.045573 0.026855
0 0.432943 0.412354 0.052083 0.022949
0 0.440755 0.386475 0.048177 0.026855
0 0.458333 0.360596 0.042969 0.028809
0 0.469401 0.337646 0.042969 0.026855
0 0.482747 0.319092 0.043620 0.028809
0 0.495117 0.298828 0.035807 0.023438
0 0.502279 0.279297 0.035807 0.017578
0 0.503581 0.256348 0.030599 0.021484
1 0.473633 0.461914 0.197266 0.479492
