0 0.476710 0.740479 0.161572 0.044434
0 0.450509 0.705322 0.144105 0.036621
0 0.443959 0.668701 0.148472 0.027832
0 0.446143 0.634766 0.135371 0.028320
0 0.462882 0.603516 0.139738 0.026367
0 0.468705 0.573486 0.125182 0.022949
0 0.463610 0.542725 0.114993 0.021973
0 0.456332 0.515137 0.106259 0.022461
0 0.448326 0.490234 0.101892 0.020508
0 0.438865 0.463379 0.094614 0.024414
0 0.435226 0.436523 0.098981 0.022461
0 0.436681 0.411133 0.090247 0.018555
0 0.440320 0.388184 0.091703 0.017578
0 0.441776 0.367188 0.103348 0.016602
0 0.442504 0.348145 0.104803 0.013672
1 0.484716 0.572266 0.413392 0.525391
