0 0.657357 0.969238 0.098753 0.037109
0 0.644638 0.908447 0.081297 0.070801
0 0.631920 0.839111 0.091771 0.058105
0 0.624938 0.767578 0.091771 0.056641
0 0.627681 0.693604 0.097257 0.060059
0 0.641895 0.625732 0.089776 0.058105
0 0.656359 0.569580 0.093766 0.062012
0 0.661845 0.517822 0.078803 0.049316
0 0.662594 0.455078 0.077307 0.050781
0 0.654613 0.401367 0.079302 0.056641
0 0.640150 0.348633 0.075312 0.052734
0 0.621446 0.298340 0.073815 0.054688
0 0.611471 0.245605 0.060848 0.050781
0 0.605985 0.193604 0.064838 0.049316
0 0.611471 0.142578 0.064838 0.041992
1 0.645885 0.549561 0.159601 0.900879
