0 0.444551 0.694336 0.097514 0.044922
0 0.407266 0.652832 0.095602 0.045898
0 0.377629 0.611816 0.089866 0.041992
0 0.373805 0.572266 0.086042 0.033203
0 0.375717 0.534180 0.082218 0.029297
0 0.396750 0.498535 0.082218 0.034180
0 0.422562 0.468750 0.087954 0.037109
0 0.455067 0.442383 0.072658 0.033203
0 0.485660 0.416504 0.068834 0.032227
0 0.514340 0.391602 0.068834 0.031250
0 0.534417 0.365234 0.059273 0.025391
0 0.542065 0.336914 0.047801 0.023438
0 0.549713 0.310059 0.047801 0.022461
0 0.550669 0.283691 0.049713 0.018555
0 0.554493 0.259766 0.053537 0.021484
1 0.466539 0.486328 0.351816 0.496094
