0 0.529101 0.743408 0.174603 0.045410
0 0.547619 0.704834 0.177249 0.039551
0 0.559524 0.665283 0.153439 0.035645
0 0.551587 0.628418 0.148148 0.041992
0 0.527778 0.595947 0.148148 0.041504
0 0.488757 0.567627 0.138889 0.040527
0 0.455026 0.539307 0.132275 0.038574
0 0.438492 0.514648 0.130952 0.030273
0 0.429233 0.481201 0.130952 0.026855
0 0.454365 0.458008 0.141534 0.031250
0 0.475529 0.431641 0.125661 0.034180
0 0.500661 0.405029 0.120370 0.028809
0 0.526455 0.383789 0.116402 0.022461
0 0.539021 0.360840 0.107143 0.021484
0 0.542328 0.336182 0.116402 0.020020
0 0.546296 0.314209 0.119048 0.018066
1 0.490079 0.529053 0.337302 0.477051
