0 0.450684 0.710938 0.084961 0.056641
0 0.462891 0.641602 0.083984 0.072266
0 0.481934 0.581543 0.079102 0.061523
0 0.504883 0.531738 0.070312 0.059570
0 0.525391 0.479004 0.076172 0.063477
0 0.545898 0.429688 0.066406 0.056641
0 0.560059 0.383789 0.063477 0.048828
0 0.573730 0.343262 0.063477 0.045898
0 0.574707 0.300781 0.061523 0.039062
0 0.576660 0.262207 0.057617 0.032227
0 0.575684 0.223633 0.053711 0.031250
0 0.573730 0.185059 0.049805 0.032227
0 0.566895 0.145508 0.049805 0.037109
0 0.556152 0.111328 0.049805 0.035156
0 0.547852 0.068848 0.052734 0.041992
0 0.535156 0.030762 0.056641 0.043945
1 0.502930 0.382812 0.228516 0.765625
