0 0.483871 0.933923 0.297767 0.083247
0 0.452854 0.853538 0.272953 0.085848
0 0.413151 0.701353 0.248139 0.072841
0 0.423697 0.778616 0.256824 0.069199
0 0.494417 0.363684 0.177419 0.050989
0 0.490695 0.422737 0.192308 0.054631
0 0.480769 0.491935 0.204715 0.059834
0 0.448511 0.627732 0.219603 0.071280
0 0.460918 0.558793 0.227047 0.068678
0 0.477047 0.305411 0.167494 0.062435
0 0.433623 0.051249 0.155087 0.045265
0 0.429280 0.094173 0.121588 0.047867
0 0.416873 0.148023 0.126551 0.049428
0 0.473325 0.254162 0.194789 0.053590
0 0.426179 0.205515 0.165012 0.046826
1 0.524814 0.500000 0.595533 1.000000
