0 0.523290 0.740479 0.161572 0.044434
0 0.549491 0.705322 0.144105 0.036621
0 0.556041 0.668701 0.148472 0.027832
0 0.553857 0.634766 0.135371 0.028320
0 0.537118 0.603516 0.139738 0.026367
0 0.531295 0.573486 0.125182 0.022949
0 0.536390 0.542725 0.114993 0.021973
0 0.543668 0.515137 0.106259 0.022461
0 0.551674 0.490234 0.101892 0.020508
0 0.561135 0.463379 0.094614 0.024414
0 0.564774 0.436523 0.098981 0.022461
0 0.563319 0.411133 0.090247 0.018555
0 0.559680 0.388184 0.091703 0.017578
0 0.558224 0.367188 0.103348 0.016602
0 0.557496 0.348145 0.104803 0.013672
1 0.515284 0.572266 0.413392 0.525391
