0 0.505181 0.930642 0.409326 0.126294
0 0.422280 0.839545 0.357513 0.093168
0 0.445596 0.600414 0.300518 0.078675
0 0.419689 0.685300 0.310881 0.078675
0 0.398964 0.763975 0.321244 0.070393
0 0.468912 0.535197 0.295337 0.068323
0 0.546632 0.475155 0.233161 0.076605
0 0.580311 0.419255 0.259067 0.064182
0 0.598446 0.356108 0.253886 0.053830
0 0.588083 0.299172 0.233161 0.047619
0 0.572539 0.241201 0.222798 0.051760
0 0.554404 0.186335 0.217617 0.045549
0 0.507772 0.130435 0.207254 0.045549
0 0.476684 0.086957 0.217617 0.037267
1 0.468912 0.500000 0.637306 1.000000
