0 0.578010 0.703857 0.143735 0.039551
0 0.588452 0.667725 0.135135 0.035645
0 0.592752 0.630859 0.136364 0.035156
0 0.590909 0.595947 0.120393 0.030762
0 0.587224 0.557617 0.127764 0.031250
0 0.585381 0.525146 0.116708 0.028809
0 0.570025 0.494629 0.100737 0.024414
0 0.572482 0.462891 0.098280 0.025391
0 0.568796 0.435303 0.090909 0.023926
0 0.570639 0.405518 0.092138 0.027832
0 0.584152 0.378906 0.099509 0.029297
0 0.592752 0.352295 0.104423 0.025879
0 0.598280 0.326172 0.095823 0.020508
0 0.597052 0.303223 0.088452 0.019531
0 0.592752 0.282471 0.087224 0.020020
1 0.581695 0.493652 0.288698 0.528320
