0 0.488095 0.717773 0.099206 0.023438
0 0.490079 0.693848 0.087302 0.018555
0 0.484127 0.668945 0.087302 0.023438
0 0.476190 0.635742 0.079365 0.029297
0 0.470238 0.601074 0.075397 0.028320
0 0.462302 0.564941 0.075397 0.026367
0 0.454365 0.533203 0.071429 0.023438
0 0.451389 0.505859 0.069444 0.021484
0 0.446429 0.480469 0.071429 0.019531
0 0.452381 0.456055 0.067460 0.017578
0 0.457341 0.433105 0.065476 0.020508
0 0.474206 0.409180 0.051587 0.019531
0 0.484127 0.388672 0.047619 0.019531
0 0.495040 0.368164 0.061508 0.019531
0 0.508929 0.347168 0.061508 0.024414
0 0.522817 0.324219 0.061508 0.021484
0 0.530754 0.305664 0.053571 0.019531
0 0.540675 0.284668 0.053571 0.018555
0 0.542659 0.266113 0.049603 0.016602
1 0.476190 0.485352 0.293651 0.535156
