0 0.589518 0.602783 0.116536 0.048340
0 0.568034 0.554932 0.093099 0.040527
0 0.564453 0.510498 0.095052 0.036621
0 0.574219 0.471191 0.096354 0.035156
0 0.585286 0.437744 0.100260 0.043457
0 0.599935 0.398926 0.094401 0.041016
0 0.617188 0.369385 0.088542 0.025879
0 0.621745 0.333008 0.095052 0.038086
0 0.616536 0.299072 0.093750 0.042480
0 0.599935 0.266113 0.094401 0.045898
0 0.581706 0.227295 0.089193 0.050293
0 0.565104 0.186768 0.078125 0.037598
0 0.563477 0.152344 0.074870 0.029297
1 0.590169 0.411133 0.237630 0.586914
