0 0.550696 0.614746 0.103380 0.030273
0 0.557654 0.574219 0.097416 0.031250
0 0.565606 0.534180 0.097416 0.029297
0 0.555666 0.500488 0.093439 0.032227
0 0.541750 0.467773 0.097416 0.037109
0 0.520875 0.436523 0.091451 0.033203
0 0.503976 0.411133 0.089463 0.035156
0 0.496024 0.382324 0.089463 0.028320
0 0.489066 0.357422 0.087475 0.027344
0 0.486083 0.333008 0.085487 0.023438
0 0.490060 0.293457 0.069583 0.018555
0 0.495030 0.273926 0.075547 0.012695
0 0.502982 0.255859 0.071571 0.017578
0 0.504970 0.233887 0.067594 0.016602
0 0.507952 0.215820 0.073559 0.015625
0 0.505964 0.195801 0.073559 0.018555
0 0.485089 0.312012 0.071571 0.014648
1 0.530815 0.403320 0.230616 0.482422
