0 0.464976 0.608887 0.137681 0.030273
0 0.451691 0.578613 0.115942 0.032227
0 0.456522 0.539062 0.101449 0.027344
0 0.471014 0.506348 0.101449 0.022461
0 0.480676 0.478027 0.091787 0.028320
0 0.493961 0.447266 0.108696 0.029297
0 0.515700 0.417969 0.108696 0.029297
0 0.537440 0.389648 0.103865 0.027344
0 0.547101 0.360352 0.089372 0.023438
0 0.550725 0.331543 0.082126 0.024414
0 0.541063 0.306152 0.077295 0.026367
0 0.524155 0.281738 0.082126 0.026367
0 0.502415 0.255859 0.082126 0.029297
0 0.485507 0.235352 0.067633 0.021484
0 0.477053 0.213379 0.070048 0.022461
0 0.473430 0.190918 0.067633 0.018555
0 0.467391 0.170410 0.065217 0.018555
0 0.462560 0.148438 0.070048 0.017578
1 0.507246 0.385742 0.376812 0.533203
