0 0.573684 0.793292 0.305263 0.048362
0 0.526316 0.891576 0.410526 0.117005
0 0.573684 0.730889 0.315789 0.048362
0 0.576316 0.659126 0.278947 0.060842
0 0.473684 0.322933 0.231579 0.046802
0 0.481579 0.372855 0.247368 0.043682
0 0.497368 0.417317 0.278947 0.045242
0 0.510526 0.478939 0.305263 0.053042
0 0.552632 0.535881 0.336842 0.054602
0 0.571053 0.592044 0.321053 0.054602
0 0.473684 0.269891 0.252632 0.046802
0 0.471053 0.221529 0.226316 0.040562
0 0.450000 0.174727 0.215789 0.043682
0 0.473684 0.126365 0.221053 0.040562
0 0.497368 0.042122 0.268421 0.040562
0 0.484211 0.082683 0.231579 0.031201
1 0.523684 0.500000 0.721053 1.000000
