0 0.587891 0.769531 0.096354 0.060547
0 0.566406 0.720947 0.093750 0.054199
0 0.554362 0.668213 0.078776 0.048340
0 0.554036 0.616943 0.071615 0.040527
0 0.556966 0.569824 0.076172 0.042969
0 0.569336 0.529785 0.072266 0.039062
0 0.578125 0.491699 0.070312 0.041016
0 0.586914 0.451904 0.067057 0.036621
0 0.592773 0.414062 0.059245 0.029297
0 0.598307 0.381592 0.052083 0.028809
0 0.594727 0.344971 0.054036 0.029785
0 0.584635 0.314697 0.053385 0.030762
0 0.565755 0.283691 0.048177 0.031250
0 0.551758 0.257568 0.048828 0.029785
0 0.548503 0.225830 0.051432 0.026855
0 0.540690 0.199707 0.054036 0.022461
0 0.537760 0.172363 0.059896 0.020508
1 0.552083 0.475586 0.239583 0.734375
