0 0.475455 0.746094 0.140000 0.050781
0 0.455455 0.691895 0.129091 0.045898
0 0.438182 0.638184 0.105455 0.036133
0 0.444545 0.591797 0.110909 0.035156
0 0.463636 0.544922 0.098182 0.035156
0 0.490000 0.501465 0.089091 0.036133
0 0.499091 0.461426 0.092727 0.032227
0 0.500909 0.423340 0.081818 0.024414
0 0.492727 0.386719 0.080000 0.033203
0 0.474545 0.352051 0.069091 0.030273
0 0.464545 0.321777 0.067273 0.028320
0 0.457273 0.291992 0.060000 0.025391
0 0.445455 0.262695 0.065455 0.025391
0 0.434545 0.233887 0.061818 0.026367
0 0.430909 0.201660 0.083636 0.026367
0 0.420000 0.172852 0.083636 0.023438
1 0.480000 0.467773 0.254545 0.634766
