0 0.535971 0.820685 0.104317 0.040179
0 0.525180 0.770833 0.097122 0.056548
0 0.513489 0.706845 0.091727 0.071429
0 0.505396 0.638393 0.079137 0.047619
0 0.492806 0.582589 0.075540 0.049107
0 0.485612 0.529018 0.075540 0.037202
0 0.473921 0.486607 0.070144 0.038690
0 0.467626 0.441964 0.075540 0.038690
0 0.464029 0.398810 0.082734 0.038690
0 0.467626 0.360863 0.079137 0.037202
0 0.472122 0.324405 0.070144 0.032738
0 0.479317 0.288690 0.073741 0.038690
0 0.488309 0.252976 0.070144 0.038690
0 0.500000 0.216518 0.071942 0.040179
0 0.512590 0.179315 0.064748 0.034226
0 0.526978 0.144345 0.068345 0.032738
0 0.534173 0.110119 0.061151 0.026786
1 0.506295 0.473214 0.228417 0.794643
