0 0.485160 0.578125 0.107306 0.031250
0 0.488584 0.537598 0.105023 0.026367
0 0.496575 0.504883 0.093607 0.023438
0 0.512557 0.476074 0.102740 0.028320
0 0.528539 0.445801 0.093607 0.030273
0 0.549087 0.415039 0.093607 0.031250
0 0.568493 0.384277 0.082192 0.028320
0 0.576484 0.357422 0.075342 0.023438
0 0.575342 0.329102 0.073059 0.021484
0 0.565068 0.303711 0.075342 0.025391
0 0.550228 0.278320 0.073059 0.025391
0 0.535388 0.251953 0.075342 0.029297
0 0.518265 0.230469 0.068493 0.019531
0 0.510274 0.208008 0.061644 0.019531
0 0.504566 0.183594 0.068493 0.017578
1 0.513699 0.395508 0.287671 0.509766
