0 0.482260 0.743408 0.168200 0.045410
0 0.461892 0.705078 0.164258 0.038086
0 0.453351 0.664062 0.155059 0.038086
0 0.457293 0.626465 0.149803 0.041016
0 0.480946 0.594238 0.155059 0.041016
0 0.508541 0.564209 0.136662 0.042480
0 0.541393 0.534424 0.128778 0.037598
0 0.555848 0.507324 0.128778 0.034180
0 0.555191 0.478271 0.122208 0.027832
0 0.543364 0.448975 0.143233 0.037598
0 0.516426 0.422852 0.141919 0.032227
0 0.486202 0.399414 0.131406 0.029297
0 0.458607 0.376221 0.131406 0.030762
0 0.450723 0.353760 0.120894 0.021973
0 0.438896 0.330811 0.123522 0.023926
0 0.432983 0.309326 0.111695 0.020996
1 0.498686 0.542969 0.342970 0.492188
