0 0.478708 0.864258 0.152717 0.039062
0 0.472834 0.799316 0.135095 0.049805
0 0.487518 0.728027 0.135095 0.069336
0 0.522761 0.661133 0.140969 0.072266
0 0.554332 0.597168 0.130690 0.063477
0 0.582232 0.540039 0.121880 0.054688
0 0.594714 0.488770 0.105727 0.047852
0 0.586637 0.434082 0.092511 0.047852
0 0.577093 0.384766 0.099853 0.046875
0 0.554332 0.338379 0.104258 0.045898
0 0.536711 0.294922 0.095448 0.041016
0 0.518355 0.249023 0.079295 0.041016
0 0.516153 0.201172 0.074890 0.037109
0 0.519824 0.147461 0.082232 0.044922
0 0.502203 0.105469 0.093979 0.031250
0 0.516887 0.068359 0.088106 0.031250
1 0.519824 0.473633 0.311307 0.904297
