0 0.528369 0.708984 0.125296 0.035156
0 0.517730 0.666504 0.127660 0.034180
0 0.504728 0.627441 0.120567 0.032227
0 0.496454 0.590332 0.113475 0.028320
0 0.495272 0.555176 0.115839 0.026367
0 0.497636 0.522461 0.111111 0.029297
0 0.508274 0.490723 0.104019 0.030273
0 0.515366 0.461426 0.094563 0.018555
0 0.515366 0.437012 0.089835 0.022461
0 0.515366 0.411621 0.089835 0.020508
0 0.514184 0.387207 0.087470 0.020508
0 0.513002 0.362305 0.075650 0.021484
0 0.503546 0.338379 0.066194 0.024414
0 0.496454 0.317383 0.061466 0.019531
0 0.491726 0.296875 0.075650 0.019531
0 0.484634 0.276855 0.080378 0.020508
1 0.498818 0.506836 0.226950 0.513672
