0 0.473636 0.694336 0.150909 0.052734
0 0.489091 0.647949 0.134545 0.041992
0 0.499091 0.602051 0.121818 0.040039
0 0.509091 0.558594 0.116364 0.031250
0 0.499091 0.520508 0.125455 0.033203
0 0.500000 0.483887 0.116364 0.036133
0 0.488182 0.447266 0.103636 0.029297
0 0.479091 0.413086 0.100000 0.027344
0 0.477273 0.379395 0.096364 0.030273
0 0.477273 0.346680 0.089091 0.025391
0 0.480909 0.312988 0.096364 0.032227
0 0.482727 0.279785 0.096364 0.028320
0 0.487273 0.249023 0.098182 0.029297
0 0.486364 0.215332 0.100000 0.028320
0 0.490000 0.185059 0.110909 0.024414
0 0.492727 0.156738 0.120000 0.024414
1 0.494545 0.428711 0.290909 0.693359
