0 0.695312 0.951416 0.162109 0.056152
0 0.717773 0.894775 0.140625 0.052246
0 0.732422 0.838379 0.152344 0.047852
0 0.720215 0.788818 0.139648 0.055176
0 0.691895 0.746094 0.131836 0.047852
0 0.658203 0.705566 0.140625 0.049805
0 0.640625 0.665283 0.126953 0.044434
0 0.619629 0.628174 0.135742 0.041504
0 0.529297 0.441162 0.109375 0.033691
0 0.520020 0.409180 0.090820 0.034180
0 0.505371 0.377441 0.081055 0.026367
0 0.504883 0.348877 0.089844 0.025879
0 0.500977 0.321045 0.087891 0.021973
0 0.497070 0.297119 0.095703 0.021973
1 0.625000 0.619873 0.416016 0.760254
