0 0.410482 0.602783 0.116536 0.048340
0 0.431966 0.554932 0.093099 0.040527
0 0.435547 0.510498 0.095052 0.036621
0 0.425781 0.471191 0.096354 0.035156
0 0.414714 0.437744 0.100260 0.043457
0 0.400065 0.398926 0.094401 0.041016
0 0.382812 0.369385 0.088542 0.025879
0 0.378255 0.333008 0.095052 0.038086
0 0.383464 0.299072 0.093750 0.042480
0 0.400065 0.266113 0.094401 0.045898
0 0.418294 0.227295 0.089193 0.050293
0 0.434896 0.186768 0.078125 0.037598
0 0.436523 0.152344 0.074870 0.029297
1 0.409831 0.411133 0.237630 0.586914
