0 0.558559 0.868949 0.174174 0.047226
0 0.516517 0.827037 0.168168 0.046045
0 0.496997 0.784534 0.171171 0.048406
0 0.478979 0.745573 0.159159 0.041322
0 0.475976 0.704250 0.147147 0.034238
0 0.484985 0.670602 0.129129 0.033058
0 0.490991 0.635183 0.135135 0.035419
0 0.506006 0.600945 0.135135 0.028335
0 0.501502 0.568477 0.120120 0.027155
0 0.487988 0.538371 0.111111 0.030697
0 0.468468 0.509445 0.108108 0.034238
0 0.453453 0.478158 0.096096 0.035419
0 0.429429 0.452774 0.096096 0.034238
0 0.429429 0.422078 0.102102 0.029516
1 0.475976 0.646399 0.351351 0.489965
