0 0.425293 0.750000 0.089844 0.041992
0 0.431396 0.688477 0.084473 0.045898
0 0.436523 0.629395 0.070312 0.047852
0 0.446289 0.571289 0.065430 0.050781
0 0.453369 0.515869 0.064941 0.045410
0 0.464600 0.461182 0.066895 0.049316
0 0.470947 0.412109 0.062012 0.045898
0 0.473633 0.362793 0.063477 0.045898
0 0.476318 0.320312 0.064941 0.035156
0 0.476074 0.277344 0.061523 0.030273
0 0.462158 0.209717 0.051270 0.049316
0 0.454346 0.168945 0.049316 0.035156
0 0.449707 0.132080 0.054688 0.045410
0 0.440186 0.096924 0.060059 0.042480
0 0.473633 0.243896 0.052734 0.029785
0 0.433105 0.058105 0.056641 0.039062
1 0.441895 0.411865 0.206055 0.786621
