0 0.474249 0.582290 0.141631 0.041145
0 0.504292 0.542039 0.133047 0.046512
0 0.536481 0.505367 0.111588 0.048301
0 0.570815 0.470483 0.120172 0.042934
0 0.581545 0.434705 0.115880 0.032200
0 0.579399 0.400716 0.111588 0.032200
0 0.577253 0.368515 0.098712 0.025045
0 0.566524 0.339893 0.094421 0.028623
0 0.560086 0.311270 0.090129 0.025045
0 0.555794 0.284436 0.081545 0.025045
0 0.553648 0.256708 0.077253 0.023256
0 0.555794 0.228980 0.081545 0.025045
0 0.557940 0.203041 0.077253 0.023256
0 0.557940 0.179785 0.085837 0.019678
1 0.532189 0.391771 0.360515 0.472272
