0 0.368360 0.661133 0.115473 0.039062
0 0.339492 0.618408 0.108545 0.040527
0 0.333141 0.574219 0.102771 0.032227
0 0.337760 0.531006 0.112009 0.032715
0 0.362009 0.492188 0.109700 0.039062
0 0.387991 0.457275 0.108545 0.036621
0 0.423210 0.427246 0.102771 0.031250
0 0.461316 0.398926 0.084296 0.031250
0 0.491339 0.370850 0.086605 0.029785
0 0.515589 0.345459 0.077367 0.026855
0 0.521940 0.319580 0.057737 0.021973
0 0.517321 0.287842 0.055427 0.025879
0 0.516166 0.262695 0.057737 0.018555
1 0.433603 0.467529 0.379908 0.463379
