0 0.466951 0.572266 0.127932 0.035156
0 0.482942 0.546387 0.113006 0.036133
0 0.498934 0.519043 0.102345 0.032227
0 0.518124 0.488770 0.089552 0.028320
0 0.526652 0.458496 0.081023 0.028320
0 0.527719 0.428711 0.083156 0.023438
0 0.520256 0.400879 0.085288 0.026367
0 0.510661 0.376465 0.078891 0.026367
0 0.498934 0.352539 0.076759 0.023438
0 0.493603 0.329102 0.074627 0.023438
0 0.491471 0.304199 0.070362 0.020508
0 0.492537 0.281738 0.063966 0.016602
0 0.492537 0.262695 0.051173 0.015625
0 0.489339 0.241699 0.057569 0.016602
0 0.490405 0.223633 0.059701 0.011719
1 0.484009 0.409180 0.255864 0.400391
