0 0.529234 0.848145 0.131048 0.043945
0 0.543347 0.802246 0.122984 0.045898
0 0.563508 0.752930 0.106855 0.037109
0 0.559476 0.701172 0.127016 0.039062
0 0.541331 0.657715 0.131048 0.045898
0 0.516129 0.617188 0.120968 0.044922
0 0.481855 0.581055 0.104839 0.044922
0 0.457661 0.546875 0.084677 0.039062
0 0.446573 0.511230 0.078629 0.026367
0 0.449597 0.479492 0.076613 0.027344
0 0.458669 0.449219 0.082661 0.031250
0 0.479839 0.422363 0.088710 0.030273
0 0.500000 0.392578 0.084677 0.029297
0 0.507056 0.364258 0.090726 0.027344
0 0.515121 0.335938 0.082661 0.023438
0 0.515121 0.306641 0.086694 0.025391
1 0.518145 0.588867 0.310484 0.615234
