0 0.584021 0.815674 0.145361 0.034668
0 0.569072 0.770752 0.138144 0.040527
0 0.563402 0.725342 0.135052 0.037598
0 0.559794 0.681641 0.134021 0.035156
0 0.557732 0.640869 0.129897 0.033691
0 0.553093 0.599365 0.122680 0.032715
0 0.552062 0.562988 0.108247 0.029297
0 0.539175 0.529297 0.088660 0.024414
0 0.541237 0.495605 0.082474 0.025391
0 0.535567 0.464355 0.077320 0.025391
0 0.527835 0.434570 0.059794 0.026367
0 0.516495 0.407227 0.068041 0.025391
0 0.512887 0.379883 0.091753 0.025391
0 0.505670 0.352295 0.093814 0.028809
0 0.506186 0.323242 0.103093 0.027344
0 0.521134 0.406494 0.106186 0.027832
2 0.565979 0.591064 0.352577 0.637207
