0 0.482679 0.669434 0.143187 0.045898
0 0.471132 0.626465 0.124711 0.034180
0 0.468822 0.589355 0.115473 0.032227
0 0.480370 0.549316 0.120092 0.036133
0 0.508083 0.514160 0.124711 0.043945
0 0.533487 0.482422 0.124711 0.033203
0 0.548499 0.452148 0.103926 0.033203
0 0.557737 0.421387 0.094688 0.030273
0 0.554273 0.366699 0.096998 0.032227
0 0.536952 0.340332 0.085450 0.030273
0 0.519630 0.318848 0.073903 0.022461
0 0.502309 0.296387 0.066975 0.020508
0 0.488453 0.272461 0.066975 0.021484
1 0.501155 0.462891 0.290993 0.484375
