0 0.538377 0.720703 0.142544 0.046875
0 0.510965 0.676758 0.140351 0.048828
0 0.489035 0.638672 0.140351 0.042969
0 0.480263 0.603516 0.140351 0.039062
0 0.480263 0.560547 0.140351 0.039062
0 0.492325 0.515625 0.164474 0.044922
0 0.513158 0.483398 0.157895 0.035156
0 0.520833 0.452148 0.142544 0.031250
0 0.530702 0.416504 0.131579 0.030273
0 0.525219 0.383301 0.129386 0.040039
0 0.504386 0.354980 0.127193 0.038086
0 0.484649 0.325684 0.114035 0.038086
0 0.467105 0.297363 0.096491 0.032227
0 0.458333 0.272461 0.096491 0.021484
0 0.458333 0.251953 0.092105 0.021484
1 0.502193 0.497070 0.293860 0.560547
