0 0.538593 0.683594 0.137221 0.050781
0 0.554031 0.640625 0.126930 0.044922
0 0.561750 0.595215 0.111492 0.038086
0 0.559177 0.551270 0.113208 0.034180
0 0.554889 0.512695 0.125214 0.035156
0 0.540309 0.478516 0.126930 0.037109
0 0.526587 0.448730 0.109777 0.038086
0 0.510292 0.417969 0.097770 0.031250
0 0.497427 0.392090 0.089194 0.030273
0 0.493139 0.361816 0.080617 0.030273
0 0.483705 0.330566 0.075472 0.026367
0 0.480274 0.301758 0.072041 0.025391
0 0.479417 0.270996 0.066895 0.024414
0 0.481990 0.244141 0.061750 0.021484
1 0.542024 0.466797 0.246998 0.531250
