0 0.400771 0.645508 0.134875 0.050781
0 0.382466 0.597656 0.117534 0.041016
0 0.390173 0.555664 0.125241 0.039062
0 0.421002 0.517090 0.140655 0.043945
0 0.454721 0.479492 0.119461 0.037109
0 0.478805 0.449219 0.109827 0.035156
0 0.490366 0.415527 0.094412 0.030273
0 0.497110 0.383301 0.088632 0.028320
0 0.497110 0.350586 0.080925 0.031250
0 0.492293 0.320312 0.082852 0.029297
0 0.483622 0.288086 0.084778 0.031250
0 0.476879 0.256836 0.086705 0.029297
0 0.473988 0.226562 0.084778 0.025391
0 0.471098 0.199707 0.086705 0.022461
0 0.468208 0.172363 0.092486 0.024414
1 0.433526 0.419922 0.327553 0.589844
