0 0.845336 0.881348 0.136954 0.083008
0 0.820543 0.806152 0.127509 0.083008
0 0.779221 0.734863 0.129870 0.096680
0 0.727863 0.670410 0.123967 0.096680
0 0.667060 0.613770 0.118064 0.094727
0 0.610980 0.560059 0.109799 0.096680
0 0.563164 0.511719 0.103896 0.087891
0 0.525974 0.465820 0.100354 0.082031
0 0.487603 0.418457 0.101535 0.079102
0 0.455136 0.372070 0.095632 0.074219
0 0.422078 0.326660 0.093270 0.075195
0 0.391972 0.279297 0.089728 0.068359
0 0.357733 0.237305 0.087367 0.066406
0 0.321133 0.198242 0.082645 0.066406
0 0.285124 0.159180 0.081464 0.064453
0 0.246753 0.119141 0.087367 0.066406
1 0.546635 0.502930 0.791027 0.892578
