0 0.495204 0.723145 0.117506 0.028320
0 0.500000 0.683594 0.122302 0.031250
0 0.510791 0.647461 0.119904 0.029297
0 0.519185 0.611328 0.122302 0.025391
0 0.520384 0.579102 0.115108 0.025391
0 0.520384 0.551270 0.110312 0.026367
0 0.513189 0.525391 0.100719 0.021484
0 0.514388 0.499023 0.098321 0.021484
0 0.510791 0.473145 0.091127 0.022461
0 0.510791 0.448730 0.091127 0.022461
0 0.510791 0.423828 0.086331 0.021484
0 0.505995 0.398926 0.076739 0.018555
0 0.509592 0.375977 0.069544 0.019531
0 0.513189 0.352051 0.062350 0.020508
2 0.494005 0.541992 0.172662 0.466797
