0 0.477545 0.719886 0.176647 0.035227
0 0.461078 0.684659 0.161677 0.037500
0 0.453593 0.650568 0.146707 0.030682
0 0.452096 0.617045 0.155689 0.034091
0 0.465569 0.586932 0.146707 0.035227
0 0.483533 0.557955 0.134731 0.031818
0 0.502994 0.530682 0.119760 0.031818
0 0.517964 0.504545 0.101796 0.025000
0 0.526946 0.478409 0.089820 0.022727
0 0.523952 0.451705 0.101796 0.023864
0 0.510479 0.427841 0.104790 0.028409
0 0.492515 0.402273 0.104790 0.025000
0 0.482036 0.381250 0.101796 0.028409
0 0.467066 0.355682 0.101796 0.022727
1 0.483533 0.543750 0.320359 0.439773
