0 0.455067 0.743164 0.118547 0.052734
0 0.494264 0.706055 0.120459 0.039062
0 0.527725 0.663574 0.110899 0.045898
0 0.553537 0.624023 0.093690 0.046875
0 0.566922 0.577637 0.093690 0.041992
0 0.564054 0.529785 0.091778 0.032227
0 0.539197 0.491211 0.107075 0.031250
0 0.521033 0.457031 0.097514 0.033203
0 0.494264 0.426270 0.093690 0.032227
0 0.484704 0.392090 0.086042 0.026367
0 0.486616 0.359863 0.082218 0.026367
0 0.508604 0.331055 0.072658 0.027344
0 0.542065 0.302734 0.082218 0.031250
0 0.560229 0.274902 0.072658 0.028320
0 0.574570 0.245605 0.059273 0.022461
1 0.514340 0.496094 0.405354 0.585938
