0 0.484568 0.729980 0.120370 0.075195
0 0.503858 0.655273 0.103395 0.052734
0 0.501543 0.595215 0.114198 0.049805
0 0.505401 0.537109 0.100309 0.052734
0 0.500000 0.477051 0.111111 0.049805
0 0.486111 0.433105 0.126543 0.036133
0 0.480710 0.388184 0.100309 0.047852
0 0.472222 0.345215 0.098765 0.041992
0 0.467593 0.294434 0.080247 0.045898
0 0.469907 0.253418 0.094136 0.041992
0 0.474537 0.216309 0.094136 0.041992
0 0.483025 0.175293 0.077160 0.043945
0 0.493056 0.132812 0.081790 0.041016
1 0.493827 0.439453 0.209877 0.691406
