0 0.521352 0.853343 0.160142 0.037994
0 0.514235 0.806231 0.145907 0.044073
0 0.500000 0.759119 0.131673 0.044073
0 0.494662 0.713526 0.113879 0.037994
0 0.498221 0.672492 0.113879 0.034954
0 0.503559 0.637538 0.110320 0.031915
0 0.510676 0.602584 0.103203 0.028875
0 0.510676 0.571429 0.103203 0.027356
0 0.508897 0.542553 0.092527 0.021277
0 0.503559 0.519757 0.096085 0.018237
0 0.496441 0.499240 0.096085 0.016717
0 0.494662 0.478723 0.092527 0.018237
0 0.492883 0.452128 0.096085 0.025836
0 0.491103 0.425532 0.092527 0.021277
0 0.491103 0.399696 0.092527 0.024316
0 0.494662 0.373100 0.099644 0.022796
0 0.500000 0.348784 0.088968 0.022796
0 0.501779 0.322948 0.085409 0.022796
1 0.537367 0.590426 0.234875 0.600304
