0 0.464029 0.820685 0.104317 0.040179
0 0.474820 0.770833 0.097122 0.056548
0 0.486511 0.706845 0.091727 0.071429
0 0.494604 0.638393 0.079137 0.047619
0 0.507194 0.582589 0.075540 0.049107
0 0.514388 0.529018 0.075540 0.037202
0 0.526079 0.486607 0.070144 0.038690
0 0.532374 0.441964 0.075540 0.038690
0 0.535971 0.398810 0.082734 0.038690
0 0.532374 0.360863 0.079137 0.037202
0 0.527878 0.324405 0.070144 0.032738
0 0.520683 0.288690 0.073741 0.038690
0 0.511691 0.252976 0.070144 0.038690
0 0.500000 0.216518 0.071942 0.040179
0 0.487410 0.179315 0.064748 0.034226
0 0.473022 0.144345 0.068345 0.032738
0 0.465827 0.110119 0.061151 0.026786
1 0.494604 0.473214 0.230216 0.794643
