0 0.575424 0.765869 0.125424 0.045410
0 0.559746 0.717529 0.100847 0.040527
0 0.555508 0.677979 0.097458 0.031738
0 0.551271 0.634277 0.087288 0.025391
0 0.552966 0.599121 0.080508 0.020508
0 0.549576 0.566406 0.087288 0.020508
0 0.552966 0.536377 0.080508 0.020020
0 0.562288 0.502686 0.078814 0.023926
0 0.569068 0.468750 0.078814 0.021484
0 0.572458 0.434326 0.085593 0.024902
0 0.562288 0.407959 0.065254 0.027832
0 0.555932 0.376709 0.066102 0.032715
0 0.549576 0.347656 0.065254 0.025391
0 0.544068 0.322510 0.067797 0.027832
0 0.542797 0.295410 0.056780 0.023438
1 0.575847 0.540039 0.238136 0.542969
