0 0.486111 0.735840 0.136364 0.045898
0 0.498106 0.668945 0.104798 0.056641
0 0.494949 0.600586 0.090909 0.052734
0 0.491162 0.537598 0.090909 0.043945
0 0.476010 0.477051 0.088384 0.045898
0 0.469697 0.426270 0.088384 0.041992
0 0.465909 0.380371 0.085859 0.045898
0 0.456439 0.336426 0.087121 0.045898
0 0.450758 0.294922 0.088384 0.041016
0 0.451389 0.253906 0.079545 0.035156
0 0.450758 0.214844 0.088384 0.031250
0 0.458965 0.176758 0.082071 0.037109
0 0.464646 0.138184 0.075758 0.040039
0 0.477904 0.102539 0.079545 0.035156
0 0.484848 0.064941 0.065657 0.041992
0 0.489899 0.026855 0.070707 0.043945
1 0.472222 0.393555 0.191919 0.787109
