0 0.472163 0.797852 0.164882 0.054688
0 0.432548 0.744629 0.154176 0.053711
0 0.415418 0.695312 0.137045 0.042969
0 0.414347 0.643555 0.139186 0.041016
0 0.442184 0.598145 0.139186 0.049805
0 0.477516 0.555664 0.132762 0.044922
0 0.511777 0.518066 0.115632 0.038086
0 0.528908 0.479004 0.098501 0.032227
0 0.526767 0.439941 0.102784 0.030273
0 0.507495 0.407227 0.098501 0.035156
0 0.475375 0.376953 0.098501 0.037109
0 0.438972 0.346680 0.089936 0.037109
0 0.416488 0.316406 0.083512 0.031250
0 0.405782 0.288574 0.083512 0.024414
0 0.400428 0.253906 0.072805 0.023438
0 0.387580 0.223145 0.072805 0.020508
1 0.458244 0.517578 0.308351 0.664062
