0 0.508879 0.765585 0.129856 0.044095
0 0.501665 0.724278 0.122087 0.036493
0 0.500000 0.681196 0.109878 0.036493
0 0.507769 0.643183 0.103219 0.035479
0 0.522198 0.607704 0.100999 0.032438
0 0.527192 0.578307 0.097669 0.028383
0 0.531077 0.547643 0.087680 0.024835
0 0.527192 0.518500 0.075472 0.024328
0 0.522752 0.490877 0.071032 0.020781
0 0.521088 0.465535 0.074362 0.021794
0 0.519978 0.440446 0.065483 0.020274
0 0.518313 0.415104 0.062153 0.021287
0 0.517758 0.390269 0.065483 0.019260
0 0.519978 0.367207 0.072142 0.020781
0 0.523862 0.343893 0.073252 0.021794
0 0.526637 0.318804 0.081021 0.024328
1 0.504994 0.552458 0.210877 0.509883
