0 0.526895 0.882947 0.088020 0.066599
0 0.528729 0.812311 0.091687 0.052472
0 0.524450 0.746720 0.092910 0.048436
0 0.520782 0.687185 0.085575 0.048436
0 0.510391 0.632190 0.081907 0.049445
0 0.505501 0.583754 0.077017 0.043391
0 0.499389 0.538345 0.072127 0.047427
0 0.492054 0.490918 0.067237 0.041372
0 0.495721 0.447528 0.074572 0.041372
0 0.504279 0.400101 0.086797 0.047427
0 0.513447 0.352674 0.070905 0.039354
0 0.521394 0.310797 0.069682 0.038345
0 0.521394 0.271948 0.069682 0.033300
0 0.528117 0.236630 0.070905 0.031282
1 0.508557 0.569122 0.166259 0.722503
