0 0.550654 0.749042 0.101307 0.045977
0 0.560458 0.701149 0.091503 0.040230
0 0.561275 0.654215 0.089869 0.034483
0 0.560458 0.609674 0.088235 0.033525
0 0.558007 0.569444 0.089869 0.031609
0 0.548203 0.530172 0.086601 0.031609
0 0.538399 0.496648 0.073529 0.027778
0 0.534314 0.460249 0.075163 0.027778
0 0.537582 0.425287 0.071895 0.028736
0 0.544118 0.394157 0.071895 0.027778
0 0.560458 0.364943 0.068627 0.028736
0 0.572712 0.332375 0.063725 0.028736
0 0.583333 0.299330 0.068627 0.025862
1 0.566993 0.538314 0.186275 0.517241
