0 0.526364 0.694336 0.150909 0.052734
0 0.510909 0.647949 0.134545 0.041992
0 0.500909 0.602051 0.121818 0.040039
0 0.490909 0.558594 0.116364 0.031250
0 0.500909 0.520508 0.125455 0.033203
0 0.500000 0.483887 0.116364 0.036133
0 0.511818 0.447266 0.103636 0.029297
0 0.520909 0.413086 0.100000 0.027344
0 0.522727 0.379395 0.096364 0.030273
0 0.522727 0.346680 0.089091 0.025391
0 0.519091 0.312988 0.096364 0.032227
0 0.517273 0.279785 0.096364 0.028320
0 0.512727 0.249023 0.098182 0.029297
0 0.513636 0.215332 0.100000 0.028320
0 0.510000 0.185059 0.110909 0.024414
0 0.507273 0.156738 0.120000 0.024414
1 0.505455 0.428711 0.290909 0.693359
