0 0.520784 0.626221 0.062945 0.034668
0 0.529691 0.586670 0.057007 0.028809
0 0.527316 0.549072 0.058195 0.028809
0 0.521378 0.516602 0.060570 0.030273
0 0.512767 0.483643 0.057601 0.029785
0 0.506532 0.453369 0.053444 0.026855
0 0.501188 0.426758 0.047506 0.024414
0 0.496140 0.398926 0.046912 0.022461
0 0.496140 0.373535 0.043349 0.020508
0 0.500594 0.347656 0.040380 0.022461
0 0.506532 0.323975 0.040380 0.021973
0 0.512470 0.301025 0.036817 0.020996
0 0.514846 0.275879 0.035629 0.019531
0 0.513658 0.252441 0.039192 0.019531
0 0.511283 0.229004 0.040380 0.016602
1 0.516924 0.427490 0.119359 0.448730
