0 0.527418 0.650391 0.133599 0.043945
0 0.484546 0.594238 0.125623 0.050781
0 0.457129 0.546631 0.122632 0.036621
0 0.430209 0.504395 0.096710 0.026367
0 0.419242 0.463867 0.104686 0.030273
0 0.434197 0.427979 0.118644 0.038574
0 0.459123 0.396973 0.118644 0.037109
0 0.486042 0.364502 0.114656 0.038574
0 0.509472 0.335449 0.097707 0.037109
0 0.525424 0.302734 0.079761 0.028320
0 0.523430 0.272217 0.075773 0.022949
0 0.507478 0.244629 0.071785 0.024414
0 0.501994 0.219238 0.060818 0.019531
0 0.501994 0.193604 0.060818 0.020996
1 0.492522 0.434326 0.334995 0.545410
