0 0.574707 0.750000 0.089844 0.041992
0 0.568604 0.688477 0.084473 0.045898
0 0.563477 0.629395 0.070312 0.047852
0 0.553711 0.571289 0.065430 0.050781
0 0.546631 0.515869 0.064941 0.045410
0 0.535400 0.461182 0.066895 0.049316
0 0.529053 0.412109 0.062012 0.045898
0 0.526367 0.362793 0.063477 0.045898
0 0.523682 0.320312 0.064941 0.035156
0 0.523926 0.277344 0.061523 0.030273
0 0.537842 0.209717 0.051270 0.049316
0 0.545654 0.168945 0.049316 0.035156
0 0.550293 0.132080 0.054688 0.045410
0 0.559814 0.096924 0.060059 0.042480
0 0.526367 0.243896 0.052734 0.029785
0 0.566895 0.058105 0.056641 0.039062
1 0.558105 0.411865 0.206055 0.786621
