0 0.497921 0.691406 0.143451 0.048828
0 0.514553 0.644043 0.126819 0.045898
0 0.530146 0.599609 0.120582 0.042969
0 0.535343 0.558594 0.114345 0.035156
0 0.531185 0.515625 0.130977 0.042969
0 0.516632 0.477539 0.130977 0.044922
0 0.507277 0.442383 0.124740 0.035156
0 0.494802 0.407715 0.120582 0.040039
0 0.486486 0.377441 0.099792 0.032227
0 0.486486 0.343750 0.091476 0.029297
0 0.504158 0.316406 0.093555 0.031250
0 0.524948 0.291016 0.089397 0.029297
0 0.539501 0.268555 0.089397 0.029297
0 0.546778 0.239746 0.091476 0.030273
0 0.550936 0.210938 0.091476 0.021484
0 0.553015 0.187988 0.095634 0.020508
1 0.528067 0.443359 0.278586 0.593750
