0 0.515193 0.763383 0.140884 0.032120
0 0.501381 0.725910 0.135359 0.034261
0 0.490331 0.690578 0.129834 0.027837
0 0.487569 0.654711 0.124309 0.026767
0 0.491713 0.620450 0.127072 0.028908
0 0.502762 0.589400 0.127072 0.028908
0 0.512431 0.558351 0.124309 0.026767
0 0.524862 0.531049 0.104972 0.025696
0 0.523481 0.504818 0.107735 0.024625
0 0.527624 0.478051 0.104972 0.020343
0 0.524862 0.453426 0.099448 0.020343
0 0.512431 0.430407 0.085635 0.021413
0 0.502762 0.407923 0.077348 0.019272
0 0.505525 0.383298 0.088398 0.019272
0 0.504144 0.360814 0.091160 0.019272
0 0.506906 0.338330 0.102210 0.019272
1 0.520718 0.556745 0.284530 0.503212
