0 0.451732 0.914551 0.181282 0.082031
0 0.429256 0.837158 0.182019 0.079590
0 0.406411 0.773682 0.187915 0.080566
0 0.389462 0.707275 0.171702 0.069824
0 0.377671 0.646973 0.176124 0.057617
0 0.380619 0.584717 0.184967 0.060059
0 0.410096 0.522705 0.190862 0.062988
0 0.429993 0.467529 0.176124 0.055176
0 0.448047 0.409668 0.166544 0.065430
0 0.462786 0.354248 0.148858 0.050293
0 0.476050 0.302246 0.129698 0.051758
0 0.476787 0.248291 0.128224 0.049316
0 0.487104 0.194824 0.137067 0.042969
0 0.495210 0.136963 0.131172 0.050293
1 0.436625 0.541504 0.341194 0.894531
