0 0.610403 0.631348 0.104034 0.026367
0 0.612527 0.598145 0.087049 0.026367
0 0.614650 0.562500 0.082803 0.025391
0 0.601911 0.531250 0.087049 0.025391
0 0.584926 0.503418 0.082803 0.024414
0 0.558386 0.480957 0.093418 0.030273
0 0.533970 0.456543 0.099788 0.036133
0 0.513800 0.428711 0.093418 0.033203
0 0.506369 0.399414 0.078556 0.031250
0 0.510616 0.369629 0.082803 0.026367
0 0.521231 0.342773 0.074310 0.025391
0 0.537155 0.317871 0.067941 0.026367
0 0.553079 0.295410 0.074310 0.024414
0 0.570064 0.270996 0.070064 0.028320
0 0.574310 0.247070 0.061571 0.017578
0 0.578556 0.225098 0.057325 0.018555
0 0.578556 0.203125 0.065817 0.019531
0 0.576433 0.182617 0.065817 0.017578
1 0.556263 0.407227 0.292994 0.521484
