0 0.525962 0.610352 0.121154 0.044922
0 0.556731 0.572754 0.117308 0.043945
0 0.572115 0.535645 0.101923 0.032227
0 0.573077 0.496094 0.100000 0.027344
0 0.571154 0.461426 0.103846 0.028320
0 0.566346 0.428711 0.101923 0.031250
0 0.555769 0.397949 0.088462 0.030273
0 0.546154 0.367188 0.080769 0.025391
0 0.546154 0.338867 0.076923 0.021484
0 0.545192 0.310547 0.067308 0.021484
0 0.544231 0.282227 0.065385 0.021484
0 0.544231 0.255371 0.061538 0.018555
0 0.550962 0.231445 0.063462 0.021484
0 0.552885 0.206055 0.059615 0.021484
0 0.558654 0.179199 0.059615 0.018555
0 0.566346 0.157715 0.055769 0.018555
1 0.505769 0.393555 0.303846 0.521484
