0 0.493164 0.788818 0.103516 0.066895
0 0.509440 0.740479 0.074870 0.040527
0 0.514323 0.696289 0.061198 0.040039
0 0.508464 0.656738 0.058594 0.028320
0 0.501302 0.620605 0.072917 0.030273
0 0.486003 0.583740 0.080078 0.040527
0 0.473958 0.546631 0.070312 0.036621
0 0.462565 0.512207 0.065755 0.035156
0 0.455404 0.483398 0.056641 0.026367
0 0.452148 0.452393 0.054036 0.027832
0 0.452148 0.418945 0.054036 0.028320
0 0.461263 0.391602 0.048828 0.026367
0 0.472005 0.362793 0.046875 0.028320
0 0.483398 0.331787 0.051432 0.029785
0 0.494141 0.302734 0.044271 0.028320
1 0.486328 0.538574 0.186198 0.611328
