0 0.521008 0.727323 0.201681 0.049779
0 0.504202 0.688053 0.173669 0.044248
0 0.483193 0.652102 0.170868 0.043142
0 0.473389 0.613938 0.151261 0.033186
0 0.470588 0.579093 0.145658 0.025442
0 0.474790 0.545354 0.137255 0.026549
0 0.484594 0.516040 0.123249 0.027655
0 0.490196 0.484513 0.123249 0.028761
0 0.492997 0.454646 0.117647 0.024336
0 0.491597 0.425885 0.114846 0.024336
0 0.487395 0.395465 0.112045 0.029867
0 0.474790 0.367257 0.109244 0.028761
0 0.469188 0.341261 0.120448 0.021018
0 0.463585 0.318584 0.126050 0.024336
1 0.511204 0.530420 0.366947 0.503319
