0 0.481818 0.848145 0.163636 0.051758
0 0.473684 0.791992 0.166507 0.046875
0 0.462679 0.738525 0.144498 0.046387
0 0.465072 0.686035 0.135885 0.050781
0 0.475598 0.632324 0.135885 0.049805
0 0.498565 0.583496 0.147368 0.048828
0 0.511962 0.540771 0.137799 0.039551
0 0.529665 0.506836 0.144498 0.041016
0 0.533014 0.469482 0.137799 0.033691
0 0.533014 0.433105 0.137799 0.032227
0 0.527273 0.393555 0.133971 0.029297
0 0.518182 0.360107 0.125359 0.028809
0 0.514833 0.327637 0.122488 0.032227
0 0.505263 0.292725 0.103349 0.032715
0 0.492344 0.260498 0.090909 0.022949
0 0.492344 0.227783 0.094737 0.028809
0 0.485646 0.194824 0.077512 0.024414
1 0.512440 0.529541 0.328230 0.724121
