0 0.412234 0.745605 0.147872 0.039062
0 0.418617 0.701416 0.152128 0.043457
0 0.435638 0.653076 0.143617 0.046387
0 0.474468 0.609619 0.151064 0.040527
0 0.493617 0.572266 0.134043 0.035156
0 0.510638 0.536621 0.119149 0.037109
0 0.529787 0.502441 0.110638 0.034180
0 0.532979 0.466797 0.102128 0.028320
0 0.533511 0.433838 0.105319 0.029785
0 0.523404 0.402344 0.095745 0.034180
0 0.503191 0.369629 0.102128 0.033203
0 0.482979 0.339844 0.102128 0.033203
0 0.468617 0.308105 0.098936 0.034180
0 0.453191 0.272705 0.100000 0.031738
0 0.444681 0.236572 0.100000 0.027832
1 0.468617 0.492676 0.335106 0.561523
