0 0.429304 0.749756 0.163056 0.036621
0 0.438426 0.704834 0.165336 0.042480
0 0.454390 0.662842 0.156214 0.053223
0 0.489738 0.619385 0.160775 0.045410
0 0.525086 0.581055 0.137970 0.045898
0 0.544470 0.544678 0.110604 0.039551
0 0.568985 0.509033 0.109464 0.033691
0 0.571266 0.473877 0.109464 0.028809
0 0.564994 0.437744 0.115165 0.031738
0 0.544470 0.406494 0.110604 0.033691
0 0.521665 0.374268 0.110604 0.034668
0 0.489738 0.343750 0.112885 0.034180
0 0.473204 0.309570 0.109464 0.033203
0 0.458381 0.275635 0.102623 0.031738
0 0.447548 0.242432 0.110604 0.029785
0 0.438997 0.212402 0.114025 0.026367
1 0.490308 0.474609 0.444698 0.666016
