0 0.474074 0.770508 0.111111 0.058594
0 0.506481 0.724121 0.094444 0.045898
0 0.530556 0.675781 0.090741 0.042969
0 0.527778 0.625488 0.096296 0.024414
0 0.508333 0.589844 0.098148 0.035156
0 0.483333 0.557617 0.085185 0.033203
0 0.467593 0.522461 0.079630 0.033203
0 0.451852 0.487305 0.062963 0.029297
0 0.451852 0.453613 0.055556 0.024414
0 0.462037 0.421875 0.053704 0.025391
0 0.471296 0.390625 0.050000 0.023438
0 0.480556 0.360840 0.050000 0.022461
0 0.489815 0.326660 0.053704 0.026367
0 0.495370 0.294434 0.057407 0.022461
0 0.495370 0.266113 0.061111 0.018555
0 0.497222 0.238770 0.061111 0.020508
1 0.503704 0.503906 0.229630 0.628906
