0 0.342643 0.969238 0.098753 0.037109
0 0.355362 0.908447 0.081297 0.070801
0 0.368080 0.839111 0.091771 0.058105
0 0.375062 0.767578 0.091771 0.056641
0 0.372319 0.693604 0.097257 0.060059
0 0.358105 0.625732 0.089776 0.058105
0 0.343641 0.569580 0.093766 0.062012
0 0.338155 0.517822 0.078803 0.049316
0 0.337406 0.455078 0.077307 0.050781
0 0.345387 0.401367 0.079302 0.056641
0 0.359850 0.348633 0.075312 0.052734
0 0.378554 0.298340 0.073815 0.054688
0 0.388529 0.245605 0.060848 0.050781
0 0.394015 0.193604 0.064838 0.049316
0 0.388529 0.142578 0.064838 0.041992
1 0.354115 0.549561 0.159601 0.900879
