0 0.489607 0.603996 0.133949 0.037910
0 0.468822 0.572746 0.120092 0.026639
0 0.445727 0.542008 0.110855 0.026639
0 0.431871 0.511783 0.096998 0.025615
0 0.430716 0.481557 0.094688 0.022541
0 0.431871 0.449795 0.096998 0.022541
0 0.438799 0.421619 0.092379 0.021516
0 0.452656 0.395492 0.083141 0.022541
0 0.461894 0.369365 0.083141 0.021516
0 0.473441 0.346311 0.078522 0.020492
0 0.473441 0.321721 0.064665 0.020492
0 0.479215 0.298156 0.057737 0.018443
0 0.480370 0.273566 0.055427 0.020492
1 0.475751 0.456967 0.286374 0.405738
