0 0.547703 0.684082 0.108363 0.051758
0 0.532980 0.635742 0.090695 0.039062
0 0.513545 0.585938 0.091873 0.052734
0 0.488810 0.530273 0.087161 0.052734
0 0.460542 0.479492 0.082450 0.050781
0 0.438163 0.428711 0.080094 0.050781
0 0.426973 0.384766 0.078916 0.046875
0 0.418728 0.339844 0.074205 0.044922
0 0.402238 0.299805 0.076561 0.037109
0 0.401060 0.261719 0.074205 0.037109
0 0.404005 0.220215 0.063604 0.032227
0 0.411661 0.185059 0.078916 0.032227
0 0.418728 0.147949 0.074205 0.038086
0 0.426973 0.105957 0.074205 0.041992
0 0.440518 0.066895 0.073027 0.038086
0 0.451119 0.030762 0.063604 0.040039
1 0.487633 0.372070 0.289753 0.744141
