0 0.540046 0.682861 0.157895 0.035645
0 0.529748 0.636475 0.160183 0.043457
0 0.497712 0.592529 0.155606 0.049316
0 0.466819 0.551758 0.151030 0.045898
0 0.453089 0.511230 0.139588 0.034180
0 0.451373 0.471680 0.122426 0.029297
0 0.456522 0.436523 0.112128 0.032227
0 0.467391 0.406250 0.101831 0.030273
0 0.474828 0.376221 0.102975 0.027832
0 0.483410 0.345703 0.092677 0.028320
0 0.487414 0.318115 0.089245 0.026855
0 0.500572 0.290771 0.076659 0.024902
0 0.499428 0.262451 0.085812 0.024902
0 0.500000 0.236572 0.084668 0.020020
0 0.491419 0.211914 0.094966 0.023438
0 0.489703 0.189941 0.100686 0.022461
0 0.490847 0.167236 0.096110 0.018066
