0 0.514840 0.578125 0.107306 0.031250
0 0.511416 0.537598 0.105023 0.026367
0 0.503425 0.504883 0.093607 0.023438
0 0.487443 0.476074 0.102740 0.028320
0 0.471461 0.445801 0.093607 0.030273
0 0.450913 0.415039 0.093607 0.031250
0 0.431507 0.384277 0.082192 0.028320
0 0.423516 0.357422 0.075342 0.023438
0 0.424658 0.329102 0.073059 0.021484
0 0.434932 0.303711 0.075342 0.025391
0 0.449772 0.278320 0.073059 0.025391
0 0.464612 0.251953 0.075342 0.029297
0 0.481735 0.230469 0.068493 0.019531
0 0.489726 0.208008 0.061644 0.019531
0 0.495434 0.183594 0.068493 0.017578
1 0.486301 0.395508 0.287671 0.509766
