0 0.521292 0.864258 0.152717 0.039062
0 0.527166 0.799316 0.135095 0.049805
0 0.512482 0.728027 0.135095 0.069336
0 0.477239 0.661133 0.140969 0.072266
0 0.445668 0.597168 0.130690 0.063477
0 0.417768 0.540039 0.121880 0.054688
0 0.405286 0.488770 0.105727 0.047852
0 0.413363 0.434082 0.092511 0.047852
0 0.422907 0.384766 0.099853 0.046875
0 0.445668 0.338379 0.104258 0.045898
0 0.463289 0.294922 0.095448 0.041016
0 0.481645 0.249023 0.079295 0.041016
0 0.483847 0.201172 0.074890 0.037109
0 0.480176 0.147461 0.082232 0.044922
0 0.497797 0.105469 0.093979 0.031250
0 0.483113 0.068359 0.088106 0.031250
1 0.480176 0.473633 0.311307 0.904297
