0 0.590820 0.804199 0.072266 0.027344
0 0.603516 0.770752 0.055990 0.020996
0 0.600260 0.739502 0.066406 0.019043
0 0.605469 0.710693 0.059896 0.025879
0 0.611979 0.670654 0.059896 0.041504
0 0.609701 0.624268 0.068359 0.041504
0 0.597331 0.583252 0.068359 0.036621
0 0.590820 0.549805 0.068359 0.027344
0 0.580078 0.522705 0.059896 0.020996
0 0.569336 0.485596 0.055339 0.023926
0 0.567383 0.447266 0.051432 0.027344
0 0.556641 0.390625 0.063802 0.035156
0 0.572591 0.336182 0.061849 0.028809
0 0.574870 0.308105 0.053385 0.020508
0 0.568034 0.273682 0.044922 0.025879
1 0.577474 0.541504 0.197917 0.622070
