0 0.538411 0.760742 0.095052 0.050781
0 0.549479 0.706543 0.093750 0.051758
0 0.563151 0.659180 0.095052 0.044922
0 0.558594 0.607910 0.088542 0.047852
0 0.546875 0.553711 0.096354 0.044922
0 0.535807 0.513672 0.089844 0.035156
0 0.529297 0.477539 0.074219 0.033203
0 0.522786 0.439941 0.071615 0.034180
0 0.523438 0.400879 0.065104 0.032227
0 0.524089 0.365723 0.058594 0.032227
0 0.525391 0.329590 0.053385 0.030273
0 0.527344 0.292969 0.052083 0.035156
0 0.529297 0.255859 0.050781 0.033203
0 0.526042 0.225098 0.057292 0.026367
0 0.526693 0.199219 0.061198 0.023438
0 0.524740 0.173340 0.067708 0.024414
1 0.544271 0.471680 0.192708 0.650391
