0 0.599229 0.645508 0.134875 0.050781
0 0.617534 0.597656 0.117534 0.041016
0 0.609827 0.555664 0.125241 0.039062
0 0.578998 0.517090 0.140655 0.043945
0 0.545279 0.479492 0.119461 0.037109
0 0.521195 0.449219 0.109827 0.035156
0 0.509634 0.415527 0.094412 0.030273
0 0.502890 0.383301 0.088632 0.028320
0 0.502890 0.350586 0.080925 0.031250
0 0.507707 0.320312 0.082852 0.029297
0 0.516378 0.288086 0.084778 0.031250
0 0.523121 0.256836 0.086705 0.029297
0 0.526012 0.226562 0.084778 0.025391
0 0.528902 0.199707 0.086705 0.022461
0 0.531792 0.172363 0.092486 0.024414
1 0.566474 0.419922 0.327553 0.589844
