0 0.411854 0.874023 0.197568 0.091797
0 0.376140 0.801758 0.180851 0.083984
0 0.367781 0.708984 0.173252 0.068359
0 0.402736 0.632812 0.173252 0.080078
0 0.465805 0.566406 0.174772 0.095703
0 0.547872 0.513184 0.171733 0.094727
0 0.592705 0.465332 0.173252 0.077148
0 0.617781 0.417480 0.153495 0.057617
0 0.623100 0.356445 0.155015 0.052734
0 0.610182 0.308105 0.156535 0.061523
0 0.576748 0.268066 0.150456 0.067383
0 0.535714 0.228027 0.135258 0.065430
0 0.503799 0.186035 0.126140 0.061523
0 0.482523 0.141113 0.123100 0.047852
0 0.471125 0.096191 0.109422 0.041992
1 0.496960 0.513672 0.519757 0.917969
