0 0.452297 0.684082 0.108363 0.051758
0 0.467020 0.635742 0.090695 0.039062
0 0.486455 0.585938 0.091873 0.052734
0 0.511190 0.530273 0.087161 0.052734
0 0.539458 0.479492 0.082450 0.050781
0 0.561837 0.428711 0.080094 0.050781
0 0.573027 0.384766 0.078916 0.046875
0 0.581272 0.339844 0.074205 0.044922
0 0.597762 0.299805 0.076561 0.037109
0 0.598940 0.261719 0.074205 0.037109
0 0.595995 0.220215 0.063604 0.032227
0 0.588339 0.185059 0.078916 0.032227
0 0.581272 0.147949 0.074205 0.038086
0 0.573027 0.105957 0.074205 0.041992
0 0.559482 0.066895 0.073027 0.038086
0 0.548881 0.030762 0.063604 0.040039
1 0.512367 0.372070 0.289753 0.744141
