0 0.521040 0.760742 0.155941 0.042969
0 0.497525 0.713867 0.143564 0.041016
0 0.485149 0.665527 0.133663 0.040039
0 0.482673 0.619141 0.133663 0.037109
0 0.503713 0.577148 0.146040 0.042969
0 0.535891 0.538086 0.131188 0.046875
0 0.582921 0.502930 0.126238 0.042969
0 0.612624 0.469238 0.111386 0.038086
0 0.625000 0.433594 0.101485 0.031250
0 0.622525 0.400879 0.096535 0.030273
0 0.606436 0.372070 0.108911 0.035156
0 0.576733 0.343262 0.103960 0.036133
0 0.547030 0.317871 0.103960 0.032227
0 0.523515 0.290527 0.101485 0.030273
0 0.514851 0.262207 0.099010 0.028320
0 0.511139 0.233887 0.101485 0.024414
0 0.511139 0.207520 0.106436 0.018555
1 0.547030 0.489258 0.321782 0.603516
