0 0.542579 0.747559 0.131387 0.043945
0 0.565693 0.706543 0.133820 0.038086
0 0.588808 0.673340 0.126521 0.034180
0 0.588808 0.636719 0.116788 0.025391
0 0.575426 0.602539 0.133820 0.035156
0 0.552311 0.568359 0.121655 0.031250
0 0.541363 0.540527 0.104623 0.028320
0 0.532847 0.510254 0.102190 0.024414
0 0.534063 0.481445 0.090024 0.027344
0 0.531630 0.451172 0.085158 0.025391
0 0.531630 0.422852 0.080292 0.025391
0 0.535280 0.391602 0.077859 0.029297
0 0.538929 0.362793 0.075426 0.022461
0 0.538929 0.338379 0.085158 0.020508
0 0.537713 0.315430 0.087591 0.017578
0 0.538929 0.295410 0.090024 0.018555
1 0.557178 0.524414 0.296837 0.521484
