0 0.551637 0.708984 0.146096 0.033203
0 0.542191 0.669189 0.139798 0.036621
0 0.525189 0.632324 0.128463 0.035156
0 0.512594 0.595215 0.115869 0.030273
0 0.508186 0.562744 0.109572 0.027832
0 0.505038 0.531982 0.115869 0.025879
0 0.510076 0.507080 0.108312 0.020996
0 0.509446 0.481201 0.104534 0.020996
0 0.506927 0.454834 0.102015 0.023926
0 0.502519 0.428955 0.095718 0.022949
0 0.498111 0.403809 0.091940 0.021484
0 0.491814 0.380127 0.096977 0.020996
0 0.487406 0.354004 0.088161 0.023438
0 0.481108 0.329590 0.083123 0.017578
0 0.469773 0.308838 0.085642 0.016113
2 0.534635 0.521973 0.371537 0.489258
