0 0.500911 0.779785 0.149362 0.049805
0 0.519126 0.739258 0.134791 0.050781
0 0.547359 0.688965 0.125683 0.051758
0 0.563752 0.641602 0.111111 0.044922
0 0.561020 0.588379 0.116576 0.038086
0 0.537341 0.541504 0.127505 0.045898
0 0.509107 0.504395 0.118397 0.043945
0 0.483607 0.465820 0.103825 0.041016
0 0.469035 0.425293 0.085610 0.032227
0 0.469035 0.385254 0.081967 0.028320
0 0.487250 0.349121 0.085610 0.032227
0 0.511840 0.318359 0.091075 0.033203
0 0.532787 0.284180 0.081967 0.037109
0 0.543716 0.249023 0.074681 0.029297
0 0.540984 0.215332 0.076503 0.024414
0 0.544627 0.185547 0.072860 0.023438
0 0.541894 0.155762 0.071038 0.020508
1 0.510018 0.483398 0.280510 0.701172
