0 0.526693 0.801270 0.074219 0.046875
0 0.506836 0.760498 0.073568 0.045410
0 0.497070 0.720215 0.064453 0.035156
0 0.500651 0.679443 0.069010 0.033691
0 0.513672 0.644043 0.067708 0.039062
0 0.532878 0.611816 0.061849 0.039062
0 0.548828 0.582031 0.057292 0.033203
0 0.557292 0.549561 0.046875 0.027832
0 0.553385 0.519287 0.050781 0.027832
0 0.543294 0.491211 0.052734 0.027344
0 0.521484 0.469971 0.050781 0.030762
0 0.503255 0.445312 0.045573 0.029297
0 0.491211 0.421387 0.035807 0.024414
0 0.488607 0.397217 0.044922 0.024902
0 0.482747 0.374756 0.041016 0.020020
1 0.515625 0.602295 0.190104 0.517090
