0 0.502079 0.691406 0.143451 0.048828
0 0.485447 0.644043 0.126819 0.045898
0 0.469854 0.599609 0.120582 0.042969
0 0.464657 0.558594 0.114345 0.035156
0 0.468815 0.515625 0.130977 0.042969
0 0.483368 0.477539 0.130977 0.044922
0 0.492723 0.442383 0.124740 0.035156
0 0.505198 0.407715 0.120582 0.040039
0 0.513514 0.377441 0.099792 0.032227
0 0.513514 0.343750 0.091476 0.029297
0 0.495842 0.316406 0.093555 0.031250
0 0.475052 0.291016 0.089397 0.029297
0 0.460499 0.268555 0.089397 0.029297
0 0.453222 0.239746 0.091476 0.030273
0 0.449064 0.210938 0.091476 0.021484
0 0.446985 0.187988 0.095634 0.020508
1 0.471933 0.443359 0.278586 0.593750
