0 0.549316 0.710938 0.084961 0.056641
0 0.537109 0.641602 0.083984 0.072266
0 0.518066 0.581543 0.079102 0.061523
0 0.495117 0.531738 0.070312 0.059570
0 0.474609 0.479004 0.076172 0.063477
0 0.454102 0.429688 0.066406 0.056641
0 0.439941 0.383789 0.063477 0.048828
0 0.426270 0.343262 0.063477 0.045898
0 0.425293 0.300781 0.061523 0.039062
0 0.423340 0.262207 0.057617 0.032227
0 0.424316 0.223633 0.053711 0.031250
0 0.426270 0.185059 0.049805 0.032227
0 0.433105 0.145508 0.049805 0.037109
0 0.443848 0.111328 0.049805 0.035156
0 0.452148 0.068848 0.052734 0.041992
0 0.464844 0.030762 0.056641 0.043945
1 0.497070 0.382812 0.228516 0.765625
