0 0.496176 0.705566 0.131931 0.049805
0 0.516252 0.658203 0.107075 0.037109
0 0.521989 0.606934 0.080306 0.032227
0 0.513384 0.562012 0.086042 0.030273
0 0.505736 0.522461 0.082218 0.031250
0 0.488528 0.484375 0.086042 0.031250
0 0.476099 0.450195 0.072658 0.033203
0 0.467495 0.419922 0.066922 0.025391
0 0.461759 0.387207 0.063098 0.026367
0 0.462715 0.356934 0.061185 0.020508
0 0.467495 0.322754 0.055449 0.028320
0 0.470363 0.289551 0.057361 0.026367
0 0.475143 0.260742 0.055449 0.027344
0 0.480880 0.229492 0.063098 0.029297
0 0.487572 0.200195 0.068834 0.021484
1 0.497132 0.461914 0.248566 0.583984
