0 0.485149 0.715820 0.117012 0.042969
0 0.464896 0.673584 0.107111 0.044434
0 0.440144 0.634521 0.109811 0.045410
0 0.426193 0.597168 0.096310 0.038086
0 0.418092 0.556885 0.101710 0.035645
0 0.432943 0.524414 0.120612 0.042969
0 0.452745 0.489746 0.118812 0.040039
0 0.468497 0.463135 0.108911 0.039551
0 0.483348 0.438477 0.097210 0.040039
0 0.495050 0.408447 0.079208 0.032715
0 0.507201 0.383057 0.067507 0.028809
0 0.512151 0.355957 0.064806 0.020508
0 0.513951 0.329346 0.068407 0.022949
0 0.507651 0.305176 0.070207 0.023438
0 0.504500 0.280029 0.076508 0.025879
1 0.501350 0.509277 0.275428 0.505859
