0 0.504195 0.835938 0.125839 0.041016
0 0.500839 0.788086 0.119128 0.039062
0 0.510067 0.741211 0.117450 0.039062
0 0.531040 0.698242 0.112416 0.039062
0 0.537752 0.654785 0.112416 0.034180
0 0.534396 0.615723 0.109060 0.034180
0 0.521812 0.584473 0.104027 0.036133
0 0.513423 0.549316 0.090604 0.036133
0 0.508389 0.515625 0.083893 0.031250
0 0.504195 0.482422 0.082215 0.027344
0 0.503356 0.450684 0.077181 0.026367
0 0.504195 0.417480 0.072148 0.032227
0 0.503356 0.384277 0.073826 0.030273
0 0.505034 0.354980 0.073826 0.030273
0 0.511745 0.329102 0.077181 0.029297
0 0.520134 0.302246 0.087248 0.026367
1 0.528523 0.564453 0.238255 0.609375
