0 0.510970 0.791016 0.132794 0.046875
0 0.510970 0.739502 0.132794 0.042480
0 0.522517 0.691895 0.132794 0.042969
0 0.557159 0.647217 0.130485 0.043457
0 0.577945 0.604980 0.100462 0.036133
0 0.586028 0.560547 0.100462 0.034180
0 0.575058 0.524658 0.099307 0.035645
0 0.559469 0.489502 0.102771 0.032715
0 0.547344 0.456543 0.083141 0.030273
0 0.536374 0.424805 0.072748 0.028320
0 0.533487 0.392090 0.078522 0.023438
0 0.532333 0.361572 0.069284 0.027832
0 0.540416 0.331543 0.080831 0.024414
0 0.549654 0.303467 0.066975 0.026855
0 0.570439 0.275146 0.080831 0.026855
0 0.583718 0.248779 0.077367 0.027832
1 0.577367 0.520996 0.307159 0.610352
