0 0.448363 0.708984 0.146096 0.033203
0 0.457809 0.669189 0.139798 0.036621
0 0.474811 0.632324 0.128463 0.035156
0 0.487406 0.595215 0.115869 0.030273
0 0.491814 0.562744 0.109572 0.027832
0 0.494962 0.531982 0.115869 0.025879
0 0.489924 0.507080 0.108312 0.020996
0 0.490554 0.481201 0.104534 0.020996
0 0.493073 0.454834 0.102015 0.023926
0 0.497481 0.428955 0.095718 0.022949
0 0.501889 0.403809 0.091940 0.021484
0 0.508186 0.380127 0.096977 0.020996
0 0.512594 0.354004 0.088161 0.023438
0 0.518892 0.329590 0.083123 0.017578
0 0.530227 0.308838 0.085642 0.016113
2 0.466625 0.521973 0.371537 0.489258
