0 0.502457 0.597656 0.115479 0.037109
0 0.496314 0.556641 0.088452 0.025391
0 0.503686 0.522461 0.093366 0.025391
0 0.522113 0.484375 0.105651 0.029297
0 0.530713 0.452148 0.103194 0.027344
0 0.538084 0.422852 0.108108 0.023438
0 0.541769 0.393066 0.090909 0.024414
0 0.535627 0.365234 0.088452 0.023438
0 0.524570 0.339844 0.085995 0.025391
0 0.511057 0.315918 0.078624 0.024414
0 0.496314 0.292480 0.073710 0.022461
0 0.490172 0.270508 0.071253 0.019531
0 0.481572 0.247559 0.063882 0.022461
0 0.474201 0.224609 0.058968 0.019531
0 0.476658 0.203125 0.073710 0.017578
1 0.528256 0.402344 0.280098 0.482422
