0 0.531936 0.681641 0.165669 0.048828
0 0.553892 0.633545 0.141717 0.043457
0 0.558383 0.582275 0.128743 0.038574
0 0.541417 0.536865 0.124750 0.038574
0 0.510479 0.491699 0.114770 0.037109
0 0.488024 0.457031 0.103792 0.040039
0 0.470060 0.418213 0.101796 0.032715
0 0.461577 0.384033 0.084830 0.028809
0 0.455589 0.349854 0.088822 0.026855
0 0.466567 0.316650 0.088822 0.028809
0 0.482036 0.288818 0.077844 0.028809
0 0.505489 0.262451 0.074850 0.025879
0 0.523453 0.234131 0.074850 0.026855
1 0.513473 0.457275 0.348303 0.549316
