0 0.511733 0.746094 0.135379 0.054688
0 0.488267 0.690430 0.120939 0.044922
0 0.474729 0.638184 0.111913 0.032227
0 0.477437 0.590332 0.102888 0.034180
0 0.497292 0.538086 0.092058 0.033203
0 0.518953 0.495117 0.095668 0.035156
0 0.532491 0.452148 0.086643 0.031250
0 0.533394 0.411621 0.084838 0.026367
0 0.524368 0.374023 0.084838 0.033203
0 0.506318 0.339844 0.077617 0.031250
0 0.494585 0.307617 0.064982 0.027344
0 0.484657 0.277344 0.059567 0.027344
0 0.472924 0.246094 0.061372 0.023438
0 0.460289 0.211914 0.090253 0.033203
1 0.507220 0.473633 0.263538 0.634766
