0 0.448503 0.773438 0.137725 0.047852
0 0.423952 0.729492 0.112575 0.040039
0 0.407186 0.687012 0.083832 0.035156
0 0.415569 0.644287 0.095808 0.033691
0 0.432335 0.606689 0.100599 0.031738
0 0.458683 0.576172 0.100599 0.029297
0 0.484431 0.544434 0.094611 0.029297
0 0.507784 0.518555 0.088623 0.024414
0 0.528743 0.489258 0.092216 0.029297
0 0.540719 0.464111 0.075449 0.020996
0 0.547904 0.439453 0.077844 0.021484
0 0.539521 0.413086 0.077844 0.022461
0 0.523353 0.389648 0.074251 0.024414
0 0.504790 0.366699 0.077844 0.023438
0 0.486228 0.343262 0.074251 0.023438
0 0.477246 0.320312 0.075449 0.022461
1 0.473054 0.551758 0.323353 0.527344
