0 0.402632 0.916468 0.242105 0.090692
0 0.367105 0.832936 0.202632 0.073986
0 0.361842 0.739857 0.213158 0.081146
0 0.390789 0.653938 0.218421 0.078759
0 0.442105 0.581742 0.194737 0.075179
0 0.492105 0.514916 0.184211 0.065632
0 0.536842 0.455847 0.168421 0.059666
0 0.559211 0.400955 0.155263 0.054893
0 0.561842 0.335322 0.139474 0.040573
0 0.564474 0.283413 0.150000 0.046539
0 0.536842 0.235680 0.157895 0.048926
0 0.497368 0.188544 0.152632 0.052506
0 0.444737 0.146181 0.147368 0.053699
0 0.397368 0.100239 0.142105 0.045346
0 0.376316 0.057279 0.131579 0.047733
1 0.447368 0.502387 0.484211 0.995227
