0 0.510393 0.603996 0.133949 0.037910
0 0.531178 0.572746 0.120092 0.026639
0 0.554273 0.542008 0.110855 0.026639
0 0.568129 0.511783 0.096998 0.025615
0 0.569284 0.481557 0.094688 0.022541
0 0.568129 0.449795 0.096998 0.022541
0 0.561201 0.421619 0.092379 0.021516
0 0.547344 0.395492 0.083141 0.022541
0 0.538106 0.369365 0.083141 0.021516
0 0.526559 0.346311 0.078522 0.020492
0 0.526559 0.321721 0.064665 0.020492
0 0.520785 0.298156 0.057737 0.018443
0 0.519630 0.273566 0.055427 0.020492
1 0.524249 0.456967 0.286374 0.405738
