0 0.494975 0.783113 0.356784 0.072848
0 0.537688 0.708609 0.311558 0.066225
0 0.585427 0.634934 0.306533 0.057947
0 0.469849 0.864238 0.346734 0.062914
0 0.474874 0.941225 0.396985 0.064570
0 0.547739 0.567053 0.311558 0.064570
0 0.494975 0.457781 0.266332 0.061258
0 0.520101 0.514073 0.296482 0.057947
0 0.469849 0.398179 0.256281 0.054636
0 0.459799 0.341887 0.246231 0.054636
0 0.459799 0.291391 0.236181 0.049669
0 0.459799 0.232616 0.226131 0.057947
0 0.457286 0.173013 0.221106 0.044702
0 0.477387 0.125828 0.231156 0.052980
0 0.497487 0.086093 0.251256 0.052980
0 0.532663 0.042219 0.271357 0.048013
1 0.520101 0.500000 0.618090 1.000000
