0 0.527466 0.730957 0.146067 0.037109
0 0.523720 0.687012 0.146067 0.036133
0 0.533084 0.644531 0.127341 0.038086
0 0.528714 0.602783 0.126092 0.031738
0 0.518102 0.564941 0.134831 0.034180
0 0.505618 0.531006 0.129838 0.033691
0 0.498752 0.497070 0.111111 0.025391
0 0.500000 0.465576 0.106117 0.025879
0 0.507491 0.439453 0.098627 0.028320
0 0.522472 0.409180 0.096130 0.026367
0 0.529963 0.381104 0.081149 0.025879
0 0.539950 0.352295 0.081149 0.027832
0 0.545568 0.322510 0.079900 0.023926
0 0.546192 0.298828 0.088639 0.020508
0 0.551186 0.276855 0.101124 0.020508
0 0.553683 0.256592 0.111111 0.019043
1 0.524969 0.518066 0.280899 0.589844
