0 0.473105 0.882947 0.088020 0.066599
0 0.471271 0.812311 0.091687 0.052472
0 0.475550 0.746720 0.092910 0.048436
0 0.479218 0.687185 0.085575 0.048436
0 0.489609 0.632190 0.081907 0.049445
0 0.494499 0.583754 0.077017 0.043391
0 0.500611 0.538345 0.072127 0.047427
0 0.507946 0.490918 0.067237 0.041372
0 0.504279 0.447528 0.074572 0.041372
0 0.495721 0.400101 0.086797 0.047427
0 0.486553 0.352674 0.070905 0.039354
0 0.478606 0.310797 0.069682 0.038345
0 0.478606 0.271948 0.069682 0.033300
0 0.471883 0.236630 0.070905 0.031282
1 0.491443 0.569122 0.166259 0.722503
