0 0.467568 0.773193 0.117838 0.043457
0 0.481622 0.733398 0.098378 0.027344
0 0.495135 0.698242 0.088649 0.029297
0 0.487027 0.658203 0.094054 0.029297
0 0.468649 0.622070 0.083243 0.029297
0 0.445405 0.587891 0.077838 0.031250
0 0.419459 0.560303 0.099459 0.035645
0 0.385405 0.536377 0.098378 0.036621
0 0.375135 0.505615 0.088649 0.026855
0 0.364865 0.476318 0.083243 0.024902
0 0.380541 0.452393 0.092973 0.025879
0 0.421081 0.419678 0.111351 0.049316
0 0.464865 0.387939 0.086486 0.032715
0 0.488108 0.360840 0.081081 0.028320
0 0.491892 0.333252 0.077838 0.021973
1 0.427027 0.552246 0.287568 0.504883
