0 0.426316 0.793292 0.305263 0.048362
0 0.473684 0.891576 0.410526 0.117005
0 0.426316 0.730889 0.315789 0.048362
0 0.426316 0.659126 0.284211 0.060842
0 0.526316 0.322933 0.231579 0.046802
0 0.521053 0.372855 0.252632 0.043682
0 0.505263 0.417317 0.284211 0.045242
0 0.489474 0.478939 0.305263 0.053042
0 0.450000 0.535881 0.342105 0.054602
0 0.431579 0.592044 0.326316 0.054602
0 0.526316 0.269891 0.252632 0.046802
0 0.531579 0.221529 0.231579 0.040562
0 0.550000 0.174727 0.215789 0.043682
0 0.526316 0.126365 0.221053 0.040562
0 0.502632 0.042122 0.268421 0.040562
0 0.515789 0.082683 0.231579 0.031201
1 0.476316 0.500000 0.721053 1.000000
