0 0.491765 0.809570 0.127059 0.035156
0 0.469412 0.758789 0.148235 0.035156
0 0.458824 0.715332 0.150588 0.045898
0 0.472941 0.666504 0.155294 0.043945
0 0.500000 0.618652 0.129412 0.038086
0 0.534118 0.577148 0.117647 0.039062
0 0.551765 0.534180 0.096471 0.035156
0 0.556471 0.492188 0.096471 0.029297
0 0.549412 0.456055 0.096471 0.029297
0 0.530588 0.422852 0.091765 0.031250
0 0.503529 0.390137 0.084706 0.032227
0 0.481176 0.360840 0.087059 0.030273
0 0.474118 0.332520 0.077647 0.024414
0 0.454118 0.306152 0.061176 0.016602
0 0.451765 0.281250 0.061176 0.015625
0 0.456471 0.250000 0.065882 0.021484
1 0.482353 0.529297 0.343529 0.621094
