0 0.459954 0.682861 0.157895 0.035645
0 0.470252 0.636475 0.160183 0.043457
0 0.502288 0.592529 0.155606 0.049316
0 0.533181 0.551758 0.151030 0.045898
0 0.546911 0.511230 0.139588 0.034180
0 0.548627 0.471680 0.122426 0.029297
0 0.543478 0.436523 0.112128 0.032227
0 0.532609 0.406250 0.101831 0.030273
0 0.525172 0.376221 0.102975 0.027832
0 0.516590 0.345703 0.092677 0.028320
0 0.512586 0.318115 0.089245 0.026855
0 0.499428 0.290771 0.076659 0.024902
0 0.500572 0.262451 0.085812 0.024902
0 0.500000 0.236572 0.084668 0.020020
0 0.508581 0.211914 0.094966 0.023438
0 0.510297 0.189941 0.100686 0.022461
0 0.509153 0.167236 0.096110 0.018066
