0 0.543956 0.699707 0.164835 0.043945
0 0.526374 0.649902 0.138462 0.043945
0 0.516484 0.601562 0.127473 0.042969
0 0.506593 0.558105 0.129670 0.036133
0 0.508791 0.514648 0.125275 0.037109
0 0.509890 0.476562 0.123077 0.035156
0 0.521978 0.440430 0.116484 0.031250
0 0.527473 0.405762 0.109890 0.030273
0 0.530769 0.374023 0.116484 0.029297
0 0.530769 0.344727 0.112088 0.023438
0 0.530769 0.313477 0.094505 0.029297
0 0.534066 0.282715 0.092308 0.024414
0 0.528571 0.257812 0.098901 0.023438
0 0.520879 0.230469 0.092308 0.023438
0 0.518681 0.205566 0.096703 0.018555
0 0.519780 0.179688 0.103297 0.023438
1 0.520879 0.431641 0.224176 0.609375
