0 0.488281 0.675781 0.074219 0.036133
0 0.486328 0.633301 0.067708 0.034180
0 0.495117 0.597656 0.072266 0.037109
0 0.514974 0.560303 0.070312 0.043457
0 0.539388 0.530518 0.065755 0.039551
0 0.553385 0.500000 0.066406 0.034180
0 0.565430 0.469482 0.052734 0.028809
0 0.570312 0.439209 0.045573 0.026855
0 0.567057 0.412354 0.052083 0.022949
0 0.559245 0.386475 0.048177 0.026855
0 0.541667 0.360596 0.042969 0.028809
0 0.530599 0.337646 0.042969 0.026855
0 0.517253 0.319092 0.043620 0.028809
0 0.504883 0.298828 0.035807 0.023438
0 0.497721 0.279297 0.035807 0.017578
0 0.496419 0.256348 0.030599 0.021484
1 0.526367 0.461914 0.197266 0.479492
