0 0.649452 0.697266 0.118936 0.037109
0 0.651017 0.656250 0.125196 0.019531
0 0.649452 0.628418 0.112676 0.026367
0 0.642410 0.583984 0.111111 0.042969
0 0.629890 0.532227 0.107981 0.039062
0 0.622066 0.487305 0.095462 0.037109
0 0.625196 0.439941 0.098592 0.032227
0 0.639280 0.400391 0.092332 0.037109
0 0.651017 0.363281 0.084507 0.033203
0 0.658059 0.328613 0.073552 0.030273
0 0.660407 0.289551 0.075117 0.030273
0 0.652582 0.254883 0.071987 0.035156
0 0.640063 0.221191 0.065728 0.034180
0 0.617371 0.188965 0.067293 0.030273
0 0.613459 0.156738 0.059468 0.030273
0 0.612676 0.123535 0.057903 0.030273
1 0.652582 0.412109 0.241002 0.644531
