0 0.489030 0.791016 0.132794 0.046875
0 0.489030 0.739502 0.132794 0.042480
0 0.477483 0.691895 0.132794 0.042969
0 0.442841 0.647217 0.130485 0.043457
0 0.422055 0.604980 0.100462 0.036133
0 0.413972 0.560547 0.100462 0.034180
0 0.424942 0.524658 0.099307 0.035645
0 0.440531 0.489502 0.102771 0.032715
0 0.452656 0.456543 0.083141 0.030273
0 0.463626 0.424805 0.072748 0.028320
0 0.466513 0.392090 0.078522 0.023438
0 0.467667 0.361572 0.069284 0.027832
0 0.459584 0.331543 0.080831 0.024414
0 0.450346 0.303467 0.066975 0.026855
0 0.429561 0.275146 0.080831 0.026855
0 0.416282 0.248779 0.077367 0.027832
1 0.422633 0.520996 0.307159 0.610352
