0 0.532432 0.773193 0.117838 0.043457
0 0.518378 0.733398 0.098378 0.027344
0 0.504865 0.698242 0.088649 0.029297
0 0.512973 0.658203 0.094054 0.029297
0 0.531351 0.622070 0.083243 0.029297
0 0.554595 0.587891 0.077838 0.031250
0 0.580541 0.560303 0.099459 0.035645
0 0.614595 0.536377 0.098378 0.036621
0 0.624865 0.505615 0.088649 0.026855
0 0.635135 0.476318 0.083243 0.024902
0 0.619459 0.452393 0.092973 0.025879
0 0.578919 0.419678 0.111351 0.049316
0 0.535135 0.387939 0.086486 0.032715
0 0.511892 0.360840 0.081081 0.028320
0 0.508108 0.333252 0.077838 0.021973
1 0.572973 0.552246 0.287568 0.504883
