0 0.587766 0.745605 0.147872 0.039062
0 0.581383 0.701416 0.152128 0.043457
0 0.564362 0.653076 0.143617 0.046387
0 0.525532 0.609619 0.151064 0.040527
0 0.506383 0.572266 0.134043 0.035156
0 0.489362 0.536621 0.119149 0.037109
0 0.470213 0.502441 0.110638 0.034180
0 0.467021 0.466797 0.102128 0.028320
0 0.466489 0.433838 0.105319 0.029785
0 0.476596 0.402344 0.095745 0.034180
0 0.496809 0.369629 0.102128 0.033203
0 0.517021 0.339844 0.102128 0.033203
0 0.531383 0.308105 0.098936 0.034180
0 0.546809 0.272705 0.100000 0.031738
0 0.555319 0.236572 0.100000 0.027832
1 0.531383 0.492676 0.335106 0.561523
