0 0.480198 0.700928 0.161116 0.053223
0 0.499550 0.656494 0.129613 0.047363
0 0.506301 0.606201 0.116112 0.046387
0 0.502250 0.561035 0.122412 0.040039
0 0.496400 0.522949 0.123312 0.034180
0 0.482448 0.489990 0.117012 0.035645
0 0.469397 0.452393 0.110711 0.034668
0 0.461296 0.420166 0.094509 0.029785
0 0.455896 0.388672 0.094509 0.031250
0 0.456346 0.354736 0.093609 0.026855
0 0.457696 0.323242 0.090909 0.026367
0 0.458146 0.292725 0.090009 0.024902
0 0.466247 0.260010 0.075608 0.026855
0 0.468947 0.229980 0.077408 0.026367
0 0.473897 0.198975 0.087309 0.029785
1 0.471647 0.453857 0.257426 0.562012
