0 0.518182 0.848145 0.163636 0.051758
0 0.526316 0.791992 0.166507 0.046875
0 0.537321 0.738525 0.144498 0.046387
0 0.534928 0.686035 0.135885 0.050781
0 0.524402 0.632324 0.135885 0.049805
0 0.501435 0.583496 0.147368 0.048828
0 0.488038 0.540771 0.137799 0.039551
0 0.470335 0.506836 0.144498 0.041016
0 0.466986 0.469482 0.137799 0.033691
0 0.466986 0.433105 0.137799 0.032227
0 0.472727 0.393555 0.133971 0.029297
0 0.481818 0.360107 0.125359 0.028809
0 0.485167 0.327637 0.122488 0.032227
0 0.494737 0.292725 0.103349 0.032715
0 0.507656 0.260498 0.090909 0.022949
0 0.507656 0.227783 0.094737 0.028809
0 0.514354 0.194824 0.077512 0.024414
1 0.487560 0.529541 0.328230 0.724121
