0 0.503824 0.705566 0.131931 0.049805
0 0.483748 0.658203 0.107075 0.037109
0 0.478011 0.606934 0.080306 0.032227
0 0.486616 0.562012 0.086042 0.030273
0 0.494264 0.522461 0.082218 0.031250
0 0.511472 0.484375 0.086042 0.031250
0 0.523901 0.450195 0.072658 0.033203
0 0.532505 0.419922 0.066922 0.025391
0 0.538241 0.387207 0.063098 0.026367
0 0.537285 0.356934 0.061185 0.020508
0 0.532505 0.322754 0.055449 0.028320
0 0.529637 0.289551 0.057361 0.026367
0 0.524857 0.260742 0.055449 0.027344
0 0.519120 0.229492 0.063098 0.029297
0 0.512428 0.200195 0.068834 0.021484
1 0.502868 0.461914 0.248566 0.583984
