0 0.513889 0.735840 0.136364 0.045898
0 0.501894 0.668945 0.104798 0.056641
0 0.505051 0.600586 0.090909 0.052734
0 0.508838 0.537598 0.090909 0.043945
0 0.523990 0.477051 0.088384 0.045898
0 0.530303 0.426270 0.088384 0.041992
0 0.534091 0.380371 0.085859 0.045898
0 0.543561 0.336426 0.087121 0.045898
0 0.549242 0.294922 0.088384 0.041016
0 0.548611 0.253906 0.079545 0.035156
0 0.549242 0.214844 0.088384 0.031250
0 0.541035 0.176758 0.082071 0.037109
0 0.535354 0.138184 0.075758 0.040039
0 0.522096 0.102539 0.079545 0.035156
0 0.515152 0.064941 0.065657 0.041992
0 0.510101 0.026855 0.070707 0.043945
1 0.527778 0.393555 0.191919 0.787109
