0 0.532558 0.641602 0.111628 0.031250
0 0.530233 0.600098 0.111628 0.034180
0 0.509302 0.562988 0.111628 0.038086
0 0.484884 0.527832 0.109302 0.038086
0 0.459302 0.495117 0.104651 0.035156
0 0.453488 0.462891 0.097674 0.031250
0 0.453488 0.430664 0.083721 0.023438
0 0.454651 0.400879 0.081395 0.026367
0 0.461628 0.373047 0.076744 0.021484
0 0.473256 0.348145 0.076744 0.020508
0 0.486047 0.323242 0.079070 0.023438
0 0.491860 0.297363 0.072093 0.020508
0 0.495349 0.272461 0.069767 0.021484
0 0.493023 0.249023 0.069767 0.023438
0 0.489535 0.227051 0.067442 0.020508
0 0.484884 0.203613 0.062791 0.022461
1 0.479070 0.422852 0.260465 0.490234
