0 0.461407 0.683594 0.137221 0.050781
0 0.445969 0.640625 0.126930 0.044922
0 0.438250 0.595215 0.111492 0.038086
0 0.440823 0.551270 0.113208 0.034180
0 0.445111 0.512695 0.125214 0.035156
0 0.459691 0.478516 0.126930 0.037109
0 0.473413 0.448730 0.109777 0.038086
0 0.489708 0.417969 0.097770 0.031250
0 0.502573 0.392090 0.089194 0.030273
0 0.506861 0.361816 0.080617 0.030273
0 0.516295 0.330566 0.075472 0.026367
0 0.519726 0.301758 0.072041 0.025391
0 0.520583 0.270996 0.066895 0.024414
0 0.518010 0.244141 0.061750 0.021484
1 0.457976 0.466797 0.246998 0.531250
