0 0.350873 0.969971 0.108229 0.038574
0 0.361596 0.912842 0.086783 0.047363
0 0.367082 0.840576 0.082793 0.058105
0 0.376060 0.763916 0.089776 0.049316
0 0.369825 0.690186 0.095262 0.060059
0 0.357107 0.629395 0.087781 0.061523
0 0.340150 0.572266 0.093766 0.045898
0 0.334663 0.509766 0.075810 0.047852
0 0.334663 0.453369 0.071820 0.044434
0 0.344389 0.398682 0.077307 0.058105
0 0.363591 0.347656 0.071820 0.054688
0 0.383042 0.296631 0.064838 0.054199
0 0.388529 0.242188 0.057855 0.043945
0 0.392269 0.194580 0.057357 0.040527
0 0.388529 0.146240 0.064838 0.042480
1 0.363342 0.559326 0.168080 0.881348
