0 0.652018 0.806885 0.129557 0.060059
0 0.641927 0.751221 0.111979 0.053223
0 0.633464 0.692871 0.106771 0.045898
0 0.632161 0.637695 0.100260 0.042969
0 0.637044 0.582764 0.091797 0.043457
0 0.637695 0.531006 0.083984 0.043457
0 0.639648 0.484863 0.081380 0.042969
0 0.637695 0.438477 0.081380 0.038086
0 0.634115 0.396729 0.076823 0.037598
0 0.628906 0.355469 0.079427 0.038086
0 0.621094 0.312500 0.080729 0.041016
0 0.614583 0.275635 0.085938 0.038574
0 0.610352 0.232422 0.078776 0.041016
0 0.614258 0.195801 0.078776 0.036133
0 0.619466 0.164551 0.078776 0.038086
0 0.624674 0.127930 0.085286 0.031250
1 0.642253 0.479980 0.233724 0.780273
