0 0.472534 0.730957 0.146067 0.037109
0 0.476280 0.687012 0.146067 0.036133
0 0.466916 0.644531 0.127341 0.038086
0 0.471286 0.602783 0.126092 0.031738
0 0.481898 0.564941 0.134831 0.034180
0 0.494382 0.531006 0.129838 0.033691
0 0.501248 0.497070 0.111111 0.025391
0 0.500000 0.465576 0.106117 0.025879
0 0.492509 0.439453 0.098627 0.028320
0 0.477528 0.409180 0.096130 0.026367
0 0.470037 0.381104 0.081149 0.025879
0 0.460050 0.352295 0.081149 0.027832
0 0.454432 0.322510 0.079900 0.023926
0 0.453808 0.298828 0.088639 0.020508
0 0.448814 0.276855 0.101124 0.020508
0 0.446317 0.256592 0.111111 0.019043
1 0.475031 0.518066 0.280899 0.589844
