0 0.490153 0.806152 0.170678 0.049805
0 0.458425 0.765625 0.164114 0.050781
0 0.439825 0.719238 0.131291 0.036133
0 0.452954 0.674316 0.140044 0.038086
0 0.485777 0.634766 0.135667 0.046875
0 0.532823 0.600586 0.129103 0.039062
0 0.566740 0.572754 0.122538 0.041992
0 0.585339 0.541504 0.129103 0.034180
0 0.589716 0.510254 0.124726 0.022461
0 0.584245 0.481445 0.122538 0.031250
0 0.566740 0.456543 0.109409 0.034180
0 0.542670 0.429688 0.091904 0.031250
0 0.519694 0.403320 0.089716 0.033203
0 0.507659 0.379395 0.078775 0.026367
0 0.506565 0.352539 0.085339 0.021484
0 0.509847 0.328125 0.096280 0.021484
1 0.496718 0.590820 0.354486 0.599609
