0 0.532534 0.777832 0.136986 0.063477
0 0.520548 0.714844 0.130137 0.044922
0 0.513699 0.666992 0.106164 0.035156
0 0.511986 0.622070 0.099315 0.037109
0 0.522260 0.581055 0.106164 0.033203
0 0.527397 0.540527 0.099315 0.032227
0 0.541096 0.480957 0.085616 0.032227
0 0.547945 0.442871 0.085616 0.030273
0 0.552226 0.380859 0.087329 0.029297
0 0.534247 0.511230 0.102740 0.032227
0 0.550514 0.412109 0.083904 0.025391
0 0.556507 0.348633 0.085616 0.023438
0 0.552226 0.318848 0.080479 0.022461
0 0.548801 0.289551 0.077055 0.022461
0 0.552226 0.261719 0.080479 0.019531
0 0.541096 0.236816 0.085616 0.020508
1 0.534247 0.526367 0.212329 0.619141
