0 0.497481 0.613770 0.108312 0.022461
0 0.506297 0.584473 0.105793 0.032227
0 0.518892 0.550781 0.085642 0.031250
0 0.540302 0.516602 0.088161 0.029297
0 0.555416 0.483887 0.078086 0.030273
0 0.568010 0.456055 0.073048 0.025391
0 0.575567 0.428711 0.073048 0.023438
0 0.575567 0.404297 0.068010 0.021484
0 0.566751 0.380371 0.055416 0.020508
0 0.560453 0.357422 0.052897 0.017578
0 0.547859 0.336914 0.042821 0.017578
0 0.534005 0.318848 0.045340 0.018555
0 0.523929 0.299316 0.050378 0.018555
0 0.510076 0.279297 0.052897 0.021484
0 0.497481 0.258789 0.047859 0.019531
0 0.481108 0.238770 0.050378 0.020508
1 0.518892 0.410156 0.282116 0.449219
