0 0.415979 0.815674 0.145361 0.034668
0 0.430928 0.770752 0.138144 0.040527
0 0.436598 0.725342 0.135052 0.037598
0 0.440206 0.681641 0.134021 0.035156
0 0.442268 0.640869 0.129897 0.033691
0 0.446907 0.599365 0.122680 0.032715
0 0.447938 0.562988 0.108247 0.029297
0 0.460825 0.529297 0.088660 0.024414
0 0.458763 0.495605 0.082474 0.025391
0 0.464433 0.464355 0.077320 0.025391
0 0.472165 0.434570 0.059794 0.026367
0 0.483505 0.407227 0.068041 0.025391
0 0.487113 0.379883 0.091753 0.025391
0 0.494330 0.352295 0.093814 0.028809
0 0.493814 0.323242 0.103093 0.027344
0 0.478866 0.406494 0.106186 0.027832
2 0.434021 0.591064 0.352577 0.637207
