0 0.458553 0.810547 0.125000 0.048828
0 0.447368 0.747070 0.118421 0.054688
0 0.440789 0.669434 0.113158 0.051758
0 0.445395 0.609375 0.106579 0.039062
0 0.456579 0.555176 0.107895 0.040039
0 0.471053 0.499023 0.102632 0.042969
0 0.476316 0.446777 0.092105 0.026367
0 0.478947 0.405273 0.086842 0.031250
0 0.481579 0.356445 0.078947 0.029297
0 0.478289 0.314941 0.072368 0.026367
0 0.477632 0.273438 0.078947 0.027344
0 0.476316 0.235352 0.076316 0.033203
0 0.478289 0.196777 0.080263 0.034180
0 0.480921 0.156250 0.082895 0.029297
0 0.482237 0.121582 0.075000 0.026367
0 0.481579 0.085938 0.076316 0.027344
1 0.442105 0.453125 0.242105 0.816406
