0 0.548263 0.838623 0.131274 0.061035
0 0.570463 0.781738 0.113900 0.044922
0 0.568533 0.723633 0.129344 0.043945
0 0.551158 0.674316 0.121622 0.046875
0 0.527992 0.627441 0.125483 0.048828
0 0.505792 0.582031 0.115830 0.045898
0 0.493243 0.540771 0.102317 0.036621
0 0.484556 0.500732 0.084942 0.031738
0 0.486969 0.463623 0.076255 0.029785
0 0.498552 0.430176 0.082046 0.033203
0 0.520753 0.400391 0.078185 0.032227
0 0.540541 0.371826 0.071429 0.027832
0 0.552124 0.344482 0.059846 0.025879
0 0.559846 0.313965 0.059846 0.023438
0 0.566602 0.286377 0.059846 0.023926
1 0.542954 0.572266 0.288610 0.669922
