0 0.537726 0.670410 0.123273 0.041992
0 0.548884 0.627686 0.113709 0.032715
0 0.556854 0.586182 0.112646 0.032715
0 0.555792 0.543457 0.110521 0.028320
0 0.560043 0.504150 0.106270 0.027832
0 0.560574 0.467773 0.100956 0.026367
0 0.552604 0.433105 0.097768 0.025391
0 0.547290 0.400391 0.082891 0.025391
0 0.551010 0.368652 0.081828 0.023438
0 0.558448 0.337891 0.079702 0.026367
0 0.565356 0.306641 0.080765 0.029297
0 0.576514 0.277344 0.075452 0.026367
0 0.583422 0.245605 0.076514 0.025391
0 0.584485 0.218994 0.085016 0.019043
0 0.583953 0.198242 0.092455 0.015625
0 0.577577 0.176270 0.105207 0.018555
0 0.577046 0.154785 0.095643 0.014648
1 0.547821 0.424072 0.266738 0.576660
