0 0.464880 0.741211 0.131238 0.054688
0 0.453789 0.699219 0.109057 0.035156
0 0.440850 0.663086 0.094270 0.035156
0 0.436229 0.618652 0.099815 0.038086
0 0.440850 0.578125 0.094270 0.035156
0 0.453789 0.536621 0.090573 0.038086
0 0.464880 0.499512 0.090573 0.034180
0 0.477819 0.464355 0.083179 0.032227
0 0.489834 0.432617 0.073937 0.029297
0 0.496303 0.402344 0.072089 0.027344
0 0.494455 0.372559 0.072089 0.020508
0 0.486137 0.347656 0.066543 0.023438
0 0.480591 0.321289 0.066543 0.029297
1 0.451017 0.540039 0.221811 0.513672
