0 0.482095 0.700195 0.122650 0.040039
0 0.491495 0.655518 0.123545 0.039551
0 0.491943 0.613770 0.122650 0.038086
0 0.488809 0.570801 0.123545 0.038086
0 0.487914 0.525391 0.114593 0.035156
0 0.489705 0.487305 0.096688 0.034180
0 0.486124 0.450928 0.084154 0.031738
0 0.485228 0.415039 0.080573 0.028320
0 0.487019 0.382812 0.076992 0.028320
0 0.496867 0.350586 0.076992 0.028320
0 0.512086 0.321289 0.076992 0.029297
0 0.522381 0.288330 0.086840 0.033691
0 0.523277 0.257080 0.088630 0.023926
0 0.523277 0.232910 0.077887 0.019531
0 0.525962 0.207275 0.083259 0.023926
1 0.500000 0.460693 0.255148 0.545410
