0 0.524545 0.746094 0.140000 0.050781
0 0.544545 0.691895 0.129091 0.045898
0 0.561818 0.638184 0.105455 0.036133
0 0.555455 0.591797 0.110909 0.035156
0 0.536364 0.544922 0.098182 0.035156
0 0.510000 0.501465 0.089091 0.036133
0 0.500909 0.461426 0.092727 0.032227
0 0.499091 0.423340 0.081818 0.024414
0 0.507273 0.386719 0.080000 0.033203
0 0.525455 0.352051 0.069091 0.030273
0 0.535455 0.321777 0.067273 0.028320
0 0.542727 0.291992 0.060000 0.025391
0 0.554545 0.262695 0.065455 0.025391
0 0.565455 0.233887 0.061818 0.026367
0 0.569091 0.201660 0.083636 0.026367
0 0.580000 0.172852 0.083636 0.023438
1 0.520000 0.467773 0.254545 0.634766
