0 0.631640 0.661133 0.115473 0.039062
0 0.660508 0.618408 0.108545 0.040527
0 0.666859 0.574219 0.102771 0.032227
0 0.662240 0.531006 0.112009 0.032715
0 0.637991 0.492188 0.109700 0.039062
0 0.612009 0.457275 0.108545 0.036621
0 0.576790 0.427246 0.102771 0.031250
0 0.538684 0.398926 0.084296 0.031250
0 0.508661 0.370850 0.086605 0.029785
0 0.484411 0.345459 0.077367 0.026855
0 0.478060 0.319580 0.057737 0.021973
0 0.482679 0.287842 0.055427 0.025879
0 0.483834 0.262695 0.057737 0.018555
1 0.566397 0.467529 0.379908 0.463379
