0 0.447619 0.670949 0.120635 0.049407
0 0.481746 0.619071 0.093651 0.044466
0 0.511905 0.579051 0.090476 0.045455
0 0.542857 0.544466 0.107937 0.047431
0 0.570635 0.511364 0.084127 0.036561
0 0.586508 0.480731 0.080952 0.028656
0 0.593651 0.451581 0.079365 0.033597
0 0.587302 0.412055 0.079365 0.031621
0 0.582540 0.380435 0.079365 0.027668
0 0.568254 0.354743 0.079365 0.037549
0 0.550794 0.328557 0.066667 0.040514
0 0.535714 0.300889 0.071429 0.034585
0 0.523016 0.276680 0.068254 0.031621
0 0.514286 0.250988 0.063492 0.025692
0 0.510317 0.219862 0.058730 0.024704
0 0.513492 0.192688 0.065079 0.019763
0 0.511905 0.161067 0.068254 0.019763
1 0.519048 0.416008 0.295238 0.614625
