0 0.470766 0.848145 0.131048 0.043945
0 0.456653 0.802246 0.122984 0.045898
0 0.436492 0.752930 0.106855 0.037109
0 0.440524 0.701172 0.127016 0.039062
0 0.458669 0.657715 0.131048 0.045898
0 0.483871 0.617188 0.120968 0.044922
0 0.518145 0.581055 0.104839 0.044922
0 0.542339 0.546875 0.084677 0.039062
0 0.553427 0.511230 0.078629 0.026367
0 0.550403 0.479492 0.076613 0.027344
0 0.541331 0.449219 0.082661 0.031250
0 0.520161 0.422363 0.088710 0.030273
0 0.500000 0.392578 0.084677 0.029297
0 0.492944 0.364258 0.090726 0.027344
0 0.484879 0.335938 0.082661 0.023438
0 0.484879 0.306641 0.086694 0.025391
1 0.481855 0.588867 0.310484 0.615234
