0 0.649961 0.678467 0.133125 0.032715
0 0.653093 0.636230 0.114330 0.036133
0 0.645262 0.583984 0.111198 0.044922
0 0.631950 0.534180 0.109632 0.039062
0 0.624902 0.487061 0.103367 0.032715
0 0.625685 0.439941 0.097103 0.034180
0 0.638606 0.400391 0.099452 0.038086
0 0.649569 0.362793 0.093187 0.037109
0 0.660532 0.326172 0.071261 0.026367
0 0.659749 0.290039 0.072827 0.030273
0 0.650352 0.255859 0.072827 0.034180
0 0.637823 0.221191 0.072827 0.035156
0 0.617463 0.188477 0.057165 0.030273
0 0.612764 0.156494 0.057165 0.031738
0 0.605325 0.123535 0.057948 0.026367
0 0.610415 0.092773 0.058731 0.025391
1 0.640955 0.393799 0.226312 0.654785
