0 0.470899 0.743408 0.174603 0.045410
0 0.452381 0.704834 0.177249 0.039551
0 0.440476 0.665283 0.153439 0.035645
0 0.448413 0.628418 0.148148 0.041992
0 0.472222 0.595947 0.148148 0.041504
0 0.511243 0.567627 0.138889 0.040527
0 0.544974 0.539307 0.132275 0.038574
0 0.561508 0.514648 0.130952 0.030273
0 0.570767 0.481201 0.130952 0.026855
0 0.545635 0.458008 0.141534 0.031250
0 0.524471 0.431641 0.125661 0.034180
0 0.499339 0.405029 0.120370 0.028809
0 0.473545 0.383789 0.116402 0.022461
0 0.460979 0.360840 0.107143 0.021484
0 0.457672 0.336182 0.116402 0.020020
0 0.453704 0.314209 0.119048 0.018066
1 0.509921 0.529053 0.337302 0.477051
