0 0.519531 0.667480 0.067708 0.039062
0 0.506510 0.634277 0.062500 0.035156
0 0.497721 0.601074 0.060547 0.025391
0 0.505208 0.571533 0.061198 0.031738
0 0.522461 0.542969 0.061849 0.036133
0 0.538737 0.520508 0.056641 0.033203
0 0.551758 0.500488 0.048828 0.030273
0 0.561523 0.479736 0.047526 0.028809
0 0.561523 0.443848 0.044922 0.025391
0 0.555013 0.421631 0.043620 0.023926
0 0.549154 0.401855 0.041016 0.025391
0 0.542318 0.382568 0.039062 0.023926
0 0.539062 0.363037 0.035156 0.017090
0 0.532552 0.345703 0.036458 0.017578
0 0.531250 0.328125 0.041667 0.017578
1 0.537109 0.520752 0.167969 0.471191
