0 0.436523 0.645020 0.068359 0.044922
0 0.454427 0.605713 0.067708 0.041504
0 0.461263 0.567627 0.060547 0.029785
0 0.459310 0.531494 0.060547 0.034668
0 0.444010 0.500977 0.057292 0.036133
0 0.430664 0.474609 0.052734 0.034180
0 0.417969 0.447998 0.046875 0.025879
0 0.409831 0.423828 0.042318 0.023438
0 0.405273 0.399414 0.037109 0.020508
0 0.403320 0.375977 0.041016 0.023438
0 0.413411 0.353760 0.040365 0.024902
0 0.427083 0.333008 0.037760 0.024414
0 0.437500 0.312988 0.036458 0.024414
0 0.443685 0.290283 0.039714 0.020996
0 0.449219 0.269043 0.040365 0.019531
0 0.448568 0.248535 0.049479 0.014648
1 0.437174 0.456543 0.175130 0.468750
