0 0.608440 0.730713 0.148504 0.055176
0 0.646902 0.687744 0.135684 0.051270
0 0.662393 0.640625 0.117521 0.037109
0 0.640491 0.598877 0.127137 0.045410
0 0.608440 0.562012 0.127137 0.045898
0 0.564637 0.529297 0.103632 0.041016
0 0.532585 0.501953 0.097222 0.035156
0 0.505876 0.470703 0.090812 0.026367
0 0.497329 0.439941 0.086538 0.027344
0 0.497329 0.411865 0.086538 0.026855
0 0.516560 0.384033 0.084402 0.029785
0 0.536325 0.360352 0.076923 0.026367
0 0.547009 0.336182 0.074786 0.026855
0 0.559829 0.310547 0.081197 0.027344
0 0.560897 0.282471 0.087607 0.024902
0 0.563568 0.257324 0.082265 0.018555
1 0.586004 0.505615 0.323718 0.556152
