0 0.498267 0.765137 0.129983 0.047852
0 0.490035 0.710938 0.110052 0.043945
0 0.499567 0.665527 0.110052 0.042969
0 0.510832 0.620605 0.097920 0.035156
0 0.509965 0.579590 0.103120 0.033203
0 0.520364 0.540283 0.104853 0.032715
0 0.503899 0.504639 0.096187 0.032715
0 0.496101 0.474365 0.104853 0.038574
0 0.483969 0.443604 0.094454 0.037598
0 0.468371 0.415039 0.084055 0.033203
0 0.452340 0.388184 0.079723 0.030273
0 0.449307 0.359863 0.064991 0.023438
0 0.450173 0.334473 0.063258 0.025391
0 0.456239 0.307617 0.066724 0.024414
0 0.462305 0.282959 0.063258 0.023926
0 0.461005 0.257568 0.074523 0.024902
0 0.460572 0.231445 0.066724 0.021484
0 0.455373 0.207764 0.068458 0.020020
1 0.493501 0.490479 0.200173 0.651855
