0 0.563477 0.645020 0.068359 0.044922
0 0.545573 0.605713 0.067708 0.041504
0 0.538737 0.567627 0.060547 0.029785
0 0.540690 0.531494 0.060547 0.034668
0 0.555990 0.500977 0.057292 0.036133
0 0.569336 0.474609 0.052734 0.034180
0 0.582031 0.447998 0.046875 0.025879
0 0.590169 0.423828 0.042318 0.023438
0 0.594727 0.399414 0.037109 0.020508
0 0.596680 0.375977 0.041016 0.023438
0 0.586589 0.353760 0.040365 0.024902
0 0.572917 0.333008 0.037760 0.024414
0 0.562500 0.312988 0.036458 0.024414
0 0.556315 0.290283 0.039714 0.020996
0 0.550781 0.269043 0.040365 0.019531
0 0.551432 0.248535 0.049479 0.014648
1 0.562826 0.456543 0.175130 0.468750
