0 0.455502 0.658203 0.121359 0.046875
0 0.473301 0.623535 0.101942 0.043945
0 0.487055 0.589355 0.087379 0.038086
0 0.503236 0.556152 0.074434 0.032227
0 0.504854 0.521973 0.071197 0.026367
0 0.488673 0.473145 0.077670 0.026367
0 0.474919 0.445801 0.079288 0.028320
0 0.462783 0.423828 0.071197 0.021484
0 0.457929 0.403809 0.064725 0.018555
0 0.457929 0.382324 0.064725 0.018555
0 0.457929 0.359375 0.061489 0.021484
0 0.464401 0.339844 0.061489 0.021484
0 0.470874 0.318848 0.051780 0.018555
0 0.471683 0.301758 0.050162 0.015625
0 0.478155 0.284180 0.056634 0.013672
0 0.477346 0.266113 0.048544 0.016602
0 0.498382 0.494629 0.071197 0.018555
1 0.451456 0.466797 0.242718 0.488281
