0 0.495684 0.768066 0.138101 0.028320
0 0.513564 0.732422 0.149199 0.043945
0 0.543157 0.690186 0.139334 0.043457
0 0.565968 0.651367 0.115906 0.039062
0 0.583231 0.612061 0.115906 0.032715
0 0.581381 0.574707 0.112207 0.033203
0 0.562885 0.538818 0.119605 0.036621
0 0.540691 0.505859 0.114673 0.037109
0 0.522195 0.474609 0.092478 0.027344
0 0.519112 0.443359 0.098644 0.029297
0 0.530826 0.415771 0.092478 0.029785
0 0.549322 0.389648 0.097411 0.031250
0 0.573983 0.363281 0.094945 0.029297
0 0.588779 0.338623 0.087546 0.026855
0 0.599260 0.313721 0.071517 0.022949
0 0.606042 0.289062 0.082614 0.023438
0 0.604809 0.265137 0.090012 0.020508
1 0.546239 0.506592 0.293465 0.597168
