0 0.431220 0.740479 0.139952 0.042480
0 0.445574 0.692383 0.149522 0.044922
0 0.461722 0.645996 0.138756 0.043945
0 0.495215 0.605469 0.131579 0.041016
0 0.504187 0.563232 0.113636 0.033691
0 0.502990 0.523682 0.108852 0.037598
0 0.482656 0.487549 0.104067 0.037598
0 0.453349 0.453613 0.110048 0.038086
0 0.438397 0.421387 0.094498 0.030273
0 0.426435 0.390625 0.082536 0.026367
0 0.428230 0.359863 0.078947 0.025391
0 0.431818 0.330811 0.088517 0.025879
0 0.442584 0.303955 0.088517 0.026855
0 0.455144 0.276855 0.089713 0.025391
0 0.466507 0.250732 0.095694 0.027832
1 0.465909 0.500977 0.276316 0.566406
