0 0.538895 0.689941 0.078979 0.047852
0 0.520784 0.648682 0.077197 0.051270
0 0.500891 0.609619 0.070665 0.045410
0 0.486639 0.573730 0.064727 0.034180
0 0.488124 0.536377 0.062945 0.029785
0 0.495249 0.501221 0.064133 0.035645
0 0.512173 0.474609 0.062352 0.038086
0 0.529097 0.449463 0.059382 0.033691
0 0.546021 0.429199 0.051663 0.032227
0 0.551663 0.398438 0.045131 0.023438
0 0.548694 0.373779 0.054632 0.027832
0 0.539489 0.350342 0.049287 0.027832
0 0.529691 0.326660 0.045131 0.030273
0 0.518409 0.304688 0.042755 0.023438
0 0.510392 0.279297 0.043349 0.019531
0 0.508907 0.254883 0.047506 0.021484
0 0.503860 0.233398 0.048100 0.020508
1 0.518705 0.468506 0.184679 0.549316
