0 0.494783 0.838379 0.158261 0.043945
0 0.484348 0.780273 0.144348 0.041016
0 0.489565 0.726074 0.126957 0.040039
0 0.474783 0.679199 0.118261 0.038086
0 0.466087 0.634766 0.135652 0.041016
0 0.454783 0.590332 0.126957 0.040039
0 0.448696 0.545898 0.132174 0.037109
0 0.444348 0.506836 0.126957 0.033203
0 0.453913 0.469727 0.121739 0.031250
0 0.456522 0.432129 0.102609 0.028320
0 0.465217 0.398438 0.102609 0.031250
0 0.468696 0.361328 0.088696 0.035156
0 0.474783 0.324219 0.097391 0.033203
0 0.481739 0.291504 0.093913 0.028320
0 0.484348 0.262695 0.092174 0.025391
0 0.480870 0.228516 0.099130 0.029297
1 0.488696 0.539062 0.281739 0.714844
