0 0.445816 0.714111 0.086093 0.049316
0 0.452137 0.666992 0.077062 0.046875
0 0.451234 0.618408 0.075256 0.037598
0 0.447923 0.577637 0.079470 0.037109
0 0.434076 0.541992 0.083082 0.043945
0 0.419928 0.507812 0.083685 0.039062
0 0.412402 0.476562 0.083082 0.042969
0 0.399157 0.447754 0.067429 0.038086
0 0.389825 0.417236 0.068031 0.040527
0 0.385611 0.382568 0.052378 0.026855
0 0.388922 0.355713 0.051776 0.029785
0 0.397953 0.328613 0.051776 0.029297
0 0.403672 0.301270 0.055990 0.030273
0 0.407586 0.274170 0.055388 0.026855
0 0.407586 0.246826 0.055388 0.022949
0 0.408188 0.218750 0.056592 0.024414
1 0.433474 0.476562 0.170981 0.582031
