0 0.458984 0.763916 0.078125 0.043457
0 0.447591 0.720215 0.073568 0.041016
0 0.443685 0.678711 0.072266 0.034180
0 0.450521 0.637695 0.069010 0.038086
0 0.463867 0.600586 0.074870 0.042969
0 0.482747 0.568115 0.074870 0.043457
0 0.499023 0.537354 0.074870 0.042480
0 0.517904 0.502686 0.068359 0.026855
0 0.514648 0.475098 0.063151 0.026367
0 0.513997 0.443115 0.061849 0.034668
0 0.499349 0.418457 0.062500 0.037109
0 0.484049 0.392090 0.060547 0.034180
0 0.474609 0.365967 0.050781 0.024902
0 0.471029 0.341064 0.050130 0.025879
0 0.468099 0.314453 0.050781 0.023438
0 0.467773 0.289307 0.055339 0.022949
1 0.482422 0.531982 0.197917 0.603027
