0 0.506510 0.210205 0.055990 0.021973
0 0.511068 0.238037 0.055990 0.020020
0 0.514648 0.262695 0.051432 0.016602
0 0.519206 0.286377 0.046224 0.019043
0 0.457682 0.598633 0.076823 0.037109
0 0.465495 0.558838 0.072917 0.036621
0 0.479818 0.523438 0.071615 0.041992
0 0.462240 0.644287 0.085938 0.034668
0 0.473307 0.688965 0.096354 0.040039
0 0.501302 0.479248 0.078125 0.046387
0 0.518229 0.443115 0.067708 0.038574
0 0.533203 0.415771 0.059896 0.026855
0 0.540365 0.389648 0.053385 0.023438
0 0.541341 0.360596 0.051432 0.029785
0 0.534505 0.331787 0.055990 0.025879
0 0.513021 0.310059 0.063802 0.022461
1 0.495443 0.445557 0.266927 0.589355
