0 0.547526 0.672852 0.080729 0.045898
0 0.524089 0.640381 0.070312 0.042480
0 0.506836 0.610596 0.065755 0.036621
0 0.502279 0.578369 0.067057 0.027832
0 0.513672 0.546143 0.065104 0.032715
0 0.529622 0.518311 0.056641 0.033691
0 0.540690 0.491943 0.059245 0.035645
0 0.549479 0.463379 0.053385 0.025391
0 0.548177 0.434814 0.050781 0.024902
0 0.541667 0.409424 0.052083 0.029785
0 0.533854 0.385986 0.049479 0.029785
0 0.526693 0.361084 0.050781 0.028809
0 0.515951 0.334961 0.046224 0.020508
0 0.511719 0.312988 0.045573 0.020508
0 0.510417 0.291504 0.049479 0.021484
1 0.527995 0.501709 0.149740 0.443848
