0 0.534180 0.632324 0.091797 0.039062
0 0.544922 0.591309 0.085938 0.041016
0 0.552409 0.552734 0.076172 0.034180
0 0.553060 0.515137 0.072266 0.027344
0 0.552083 0.477295 0.080729 0.036621
0 0.546875 0.444092 0.074219 0.035645
0 0.537435 0.413818 0.072266 0.035645
0 0.532227 0.383545 0.059245 0.025879
0 0.531250 0.355469 0.058594 0.023438
0 0.532552 0.329102 0.058594 0.023438
0 0.532552 0.302734 0.058594 0.025391
0 0.536133 0.277832 0.060547 0.023438
0 0.541016 0.250977 0.053385 0.020508
0 0.541992 0.226807 0.050130 0.020996
0 0.541016 0.201660 0.052083 0.023438
0 0.542318 0.175537 0.061198 0.020996
1 0.543294 0.411133 0.146484 0.509766
