0 0.437209 0.725830 0.151163 0.056152
0 0.403488 0.683105 0.153488 0.048828
0 0.394767 0.638916 0.131395 0.034668
0 0.412791 0.598633 0.141860 0.041016
0 0.447093 0.562256 0.131395 0.043457
0 0.480814 0.529053 0.133721 0.044434
0 0.509884 0.498535 0.103488 0.035156
0 0.538372 0.470459 0.106977 0.031738
0 0.544767 0.441895 0.089535 0.024414
0 0.545930 0.411377 0.089535 0.027832
0 0.531395 0.383545 0.093023 0.029785
0 0.512209 0.358154 0.098837 0.030762
0 0.488372 0.332764 0.093023 0.032715
0 0.474419 0.304443 0.093023 0.029785
0 0.466860 0.279541 0.094186 0.022949
0 0.469186 0.255127 0.101163 0.019043
1 0.445930 0.503418 0.373256 0.598633
