0 0.543620 0.697510 0.117188 0.040527
0 0.527344 0.652588 0.105469 0.049316
0 0.513021 0.603516 0.098958 0.046875
0 0.501302 0.560547 0.080729 0.032227
0 0.498047 0.518066 0.087240 0.044922
0 0.508789 0.473145 0.089193 0.041992
0 0.523112 0.433594 0.082682 0.039062
0 0.536133 0.395996 0.074870 0.033203
0 0.549154 0.361328 0.072266 0.029297
0 0.555664 0.328613 0.061849 0.027344
0 0.552083 0.292725 0.062500 0.027832
0 0.542969 0.263184 0.058594 0.024414
0 0.538086 0.233398 0.055339 0.026367
0 0.533529 0.204834 0.059245 0.028809
0 0.533854 0.173584 0.057292 0.021973
0 0.534505 0.146729 0.049479 0.020020
0 0.540039 0.122070 0.054036 0.023438
1 0.535482 0.434570 0.266276 0.699219
