0 0.452474 0.672852 0.080729 0.045898
0 0.475911 0.640381 0.070312 0.042480
0 0.493164 0.610596 0.065755 0.036621
0 0.497721 0.578369 0.067057 0.027832
0 0.486328 0.546143 0.065104 0.032715
0 0.470378 0.518311 0.056641 0.033691
0 0.459310 0.491943 0.059245 0.035645
0 0.450521 0.463379 0.053385 0.025391
0 0.451823 0.434814 0.050781 0.024902
0 0.458333 0.409424 0.052083 0.029785
0 0.466146 0.385986 0.049479 0.029785
0 0.473307 0.361084 0.050781 0.028809
0 0.484049 0.334961 0.046224 0.020508
0 0.488281 0.312988 0.045573 0.020508
0 0.489583 0.291504 0.049479 0.021484
1 0.472005 0.501709 0.149740 0.443848
