0 0.568780 0.740479 0.139952 0.042480
0 0.554426 0.692383 0.149522 0.044922
0 0.538278 0.645996 0.138756 0.043945
0 0.504785 0.605469 0.131579 0.041016
0 0.495813 0.563232 0.113636 0.033691
0 0.497010 0.523682 0.108852 0.037598
0 0.517344 0.487549 0.104067 0.037598
0 0.546651 0.453613 0.110048 0.038086
0 0.561603 0.421387 0.094498 0.030273
0 0.573565 0.390625 0.082536 0.026367
0 0.571770 0.359863 0.078947 0.025391
0 0.568182 0.330811 0.088517 0.025879
0 0.557416 0.303955 0.088517 0.026855
0 0.544856 0.276855 0.089713 0.025391
0 0.533493 0.250732 0.095694 0.027832
1 0.534091 0.500977 0.276316 0.566406
