0 0.472810 0.616211 0.129909 0.052734
0 0.489426 0.562988 0.123867 0.049805
0 0.496979 0.512695 0.108761 0.039062
0 0.488671 0.461914 0.113293 0.048828
0 0.466767 0.416504 0.120846 0.059570
0 0.445619 0.377441 0.111782 0.051758
0 0.415408 0.345703 0.102719 0.046875
0 0.401813 0.309082 0.096677 0.038086
0 0.382931 0.277832 0.077039 0.022461
0 0.384441 0.240234 0.080060 0.027344
0 0.398036 0.207520 0.077039 0.034180
0 0.410121 0.174316 0.074018 0.032227
0 0.422205 0.142090 0.070997 0.030273
0 0.429003 0.110352 0.069486 0.025391
0 0.432779 0.083984 0.067976 0.023438
0 0.435801 0.054199 0.067976 0.026367
1 0.460725 0.352539 0.293051 0.669922
