0 0.507719 0.670410 0.150943 0.063477
0 0.492281 0.607422 0.137221 0.048828
0 0.480274 0.554199 0.120069 0.045898
0 0.489708 0.505859 0.125214 0.039062
0 0.498285 0.458984 0.118353 0.046875
0 0.507719 0.412598 0.120069 0.043945
0 0.516295 0.369629 0.120069 0.040039
0 0.523156 0.336914 0.109777 0.025391
0 0.517153 0.069336 0.094340 0.033203
0 0.513722 0.105957 0.090909 0.030273
0 0.514580 0.139160 0.096055 0.028320
0 0.517153 0.168457 0.097770 0.024414
0 0.521441 0.201660 0.096055 0.024414
0 0.527444 0.272949 0.097770 0.040039
0 0.524014 0.228516 0.111492 0.019531
0 0.524871 0.306152 0.113208 0.022461
1 0.518010 0.378906 0.219554 0.687500
