0 0.620117 0.667725 0.093099 0.043457
0 0.627604 0.619141 0.093750 0.042969
0 0.627604 0.572998 0.084635 0.041504
0 0.634766 0.530762 0.078125 0.033203
0 0.638346 0.494873 0.081380 0.031738
0 0.639648 0.459961 0.078776 0.028320
0 0.642904 0.427246 0.072266 0.021484
0 0.648112 0.384521 0.067057 0.024902
0 0.651042 0.352051 0.069010 0.021484
0 0.648438 0.321533 0.069010 0.027832
0 0.642253 0.283447 0.067057 0.024902
0 0.644857 0.258545 0.059245 0.020020
0 0.647786 0.233887 0.058594 0.020508
0 0.649740 0.209229 0.054688 0.020020
0 0.650065 0.185059 0.055339 0.017578
0 0.651042 0.161133 0.062500 0.021484
0 0.650716 0.136719 0.056641 0.019531
2 0.643555 0.419434 0.175130 0.625000
