0 0.461105 0.689941 0.078979 0.047852
0 0.479216 0.648682 0.077197 0.051270
0 0.499109 0.609619 0.070665 0.045410
0 0.513361 0.573730 0.064727 0.034180
0 0.511876 0.536377 0.062945 0.029785
0 0.504751 0.501221 0.064133 0.035645
0 0.487827 0.474609 0.062352 0.038086
0 0.470903 0.449463 0.059382 0.033691
0 0.453979 0.429199 0.051663 0.032227
0 0.448337 0.398438 0.045131 0.023438
0 0.451306 0.373779 0.054632 0.027832
0 0.460511 0.350342 0.049287 0.027832
0 0.470309 0.326660 0.045131 0.030273
0 0.481591 0.304688 0.042755 0.023438
0 0.489608 0.279297 0.043349 0.019531
0 0.491093 0.254883 0.047506 0.021484
0 0.496140 0.233398 0.048100 0.020508
1 0.481295 0.468506 0.184679 0.549316
