0 0.504808 0.767578 0.107692 0.074219
0 0.520673 0.699707 0.095192 0.063477
0 0.523558 0.632324 0.087500 0.053711
0 0.526923 0.567871 0.090385 0.049805
0 0.528846 0.504883 0.090385 0.052734
0 0.529808 0.445801 0.088462 0.053711
0 0.520192 0.380859 0.086538 0.050781
0 0.522115 0.323730 0.071154 0.045898
0 0.515385 0.271484 0.071154 0.042969
0 0.514423 0.217285 0.071154 0.043945
0 0.516346 0.160156 0.080769 0.039062
1 0.509615 0.514648 0.226923 0.955078
0 0.497115 0.849609 0.101923 0.082031
0 0.486538 0.919922 0.115385 0.082031
