0 0.379883 0.667725 0.093099 0.043457
0 0.372396 0.619141 0.093750 0.042969
0 0.372396 0.572998 0.084635 0.041504
0 0.365234 0.530762 0.078125 0.033203
0 0.361654 0.494873 0.081380 0.031738
0 0.360352 0.459961 0.078776 0.028320
0 0.357096 0.427246 0.072266 0.021484
0 0.351888 0.384521 0.067057 0.024902
0 0.348958 0.352051 0.069010 0.021484
0 0.351562 0.321533 0.069010 0.027832
0 0.357747 0.283447 0.067057 0.024902
0 0.355143 0.258545 0.059245 0.020020
0 0.352214 0.233887 0.058594 0.020508
0 0.350260 0.209229 0.054688 0.020020
0 0.349935 0.185059 0.055339 0.017578
0 0.348958 0.161133 0.062500 0.021484
0 0.349284 0.136719 0.056641 0.019531
2 0.357096 0.419434 0.175130 0.625000
