0 0.458008 0.688477 0.078776 0.054688
0 0.443359 0.644287 0.067708 0.042480
0 0.436523 0.603271 0.063151 0.029785
0 0.443359 0.565918 0.063802 0.038086
0 0.460612 0.533691 0.063151 0.038086
0 0.478841 0.505127 0.056641 0.036621
0 0.495117 0.478516 0.046224 0.032227
0 0.507161 0.453369 0.046875 0.025879
0 0.508789 0.427246 0.039714 0.025391
0 0.510417 0.400391 0.036458 0.025391
0 0.504557 0.376953 0.042969 0.027344
0 0.492513 0.355469 0.041016 0.027344
0 0.480469 0.331543 0.041667 0.027344
0 0.474935 0.310059 0.044922 0.026367
0 0.472982 0.288818 0.044922 0.022949
0 0.472656 0.267578 0.049479 0.016602
1 0.469727 0.489258 0.186849 0.501953
