0 0.465820 0.632324 0.091797 0.039062
0 0.455078 0.591309 0.085938 0.041016
0 0.447591 0.552734 0.076172 0.034180
0 0.446940 0.515137 0.072266 0.027344
0 0.447917 0.477295 0.080729 0.036621
0 0.453125 0.444092 0.074219 0.035645
0 0.462565 0.413818 0.072266 0.035645
0 0.467773 0.383545 0.059245 0.025879
0 0.468750 0.355469 0.058594 0.023438
0 0.467448 0.329102 0.058594 0.023438
0 0.467448 0.302734 0.058594 0.025391
0 0.463867 0.277832 0.060547 0.023438
0 0.458984 0.250977 0.053385 0.020508
0 0.458008 0.226807 0.050130 0.020996
0 0.458984 0.201660 0.052083 0.023438
0 0.457682 0.175537 0.061198 0.020996
1 0.456706 0.411133 0.146484 0.509766
