0 0.555664 0.716797 0.094401 0.043945
0 0.550781 0.668457 0.088542 0.048828
0 0.531901 0.624756 0.089844 0.053223
0 0.506185 0.584717 0.091797 0.056152
0 0.482096 0.548340 0.086589 0.050781
0 0.465169 0.513672 0.073568 0.041992
0 0.457357 0.479492 0.055339 0.032227
0 0.460612 0.444092 0.060547 0.031738
0 0.468424 0.413818 0.074870 0.041504
0 0.484049 0.387939 0.065755 0.039551
0 0.504883 0.362305 0.064453 0.045898
0 0.528646 0.339355 0.053385 0.040039
0 0.544596 0.312256 0.046224 0.023926
0 0.549805 0.285645 0.052734 0.027344
0 0.543945 0.258301 0.050130 0.021484
1 0.506510 0.488037 0.234375 0.515137
