0 0.534831 0.754150 0.110026 0.067871
0 0.545247 0.690430 0.111328 0.051758
0 0.522786 0.629150 0.111979 0.067871
0 0.479818 0.578613 0.106771 0.071289
0 0.446289 0.536377 0.097005 0.063965
0 0.420573 0.496094 0.088542 0.057617
0 0.398438 0.451660 0.079427 0.042969
0 0.401367 0.403564 0.078776 0.048340
0 0.429362 0.364258 0.074870 0.047852
0 0.451172 0.324951 0.076823 0.050293
0 0.467773 0.287842 0.073568 0.044434
0 0.480143 0.248047 0.059245 0.033203
0 0.481445 0.209961 0.070964 0.036133
1 0.489909 0.494873 0.310547 0.622559
