0 0.391560 0.730713 0.148504 0.055176
0 0.353098 0.687744 0.135684 0.051270
0 0.337607 0.640625 0.117521 0.037109
0 0.359509 0.598877 0.127137 0.045410
0 0.391560 0.562012 0.127137 0.045898
0 0.435363 0.529297 0.103632 0.041016
0 0.467415 0.501953 0.097222 0.035156
0 0.494124 0.470703 0.090812 0.026367
0 0.502671 0.439941 0.086538 0.027344
0 0.502671 0.411865 0.086538 0.026855
0 0.483440 0.384033 0.084402 0.029785
0 0.463675 0.360352 0.076923 0.026367
0 0.452991 0.336182 0.074786 0.026855
0 0.440171 0.310547 0.081197 0.027344
0 0.439103 0.282471 0.087607 0.024902
0 0.436432 0.257324 0.082265 0.018555
1 0.413996 0.505615 0.323718 0.556152
