0 0.535482 0.750488 0.070964 0.034180
0 0.544596 0.714600 0.069661 0.035645
0 0.551758 0.678223 0.063151 0.032227
0 0.557617 0.645020 0.060547 0.029297
0 0.557617 0.613281 0.068359 0.030273
0 0.550781 0.583008 0.069010 0.031250
0 0.545247 0.556152 0.067057 0.027344
0 0.539714 0.529785 0.062500 0.029297
0 0.533203 0.505371 0.059896 0.028320
0 0.525065 0.481689 0.052734 0.023926
0 0.522461 0.457275 0.047526 0.021973
0 0.526042 0.432129 0.048177 0.024414
0 0.534505 0.411621 0.042969 0.021484
0 0.538086 0.386719 0.050130 0.023438
0 0.541016 0.364014 0.053385 0.018066
0 0.543945 0.343262 0.050130 0.019531
1 0.546549 0.542725 0.124349 0.487793
