0 0.544271 0.173340 0.059896 0.027344
0 0.542643 0.201904 0.059245 0.023926
0 0.542318 0.230225 0.061198 0.022949
0 0.543945 0.258057 0.056641 0.023926
0 0.545247 0.284424 0.055339 0.022949
0 0.549805 0.309814 0.064453 0.025879
0 0.555339 0.341064 0.072917 0.029785
0 0.557943 0.372559 0.062500 0.027344
0 0.554688 0.403809 0.069010 0.029297
0 0.542318 0.437988 0.071615 0.033203
0 0.530924 0.474854 0.077474 0.036621
0 0.517253 0.510254 0.074870 0.036133
0 0.510417 0.554443 0.071615 0.037598
0 0.511393 0.596436 0.077474 0.042480
0 0.523438 0.636230 0.089844 0.043945
0 0.539388 0.678955 0.091797 0.045410
0 0.551758 0.720947 0.091797 0.038574
1 0.535482 0.459229 0.186849 0.633301
