0 0.554184 0.714111 0.086093 0.049316
0 0.547863 0.666992 0.077062 0.046875
0 0.548766 0.618408 0.075256 0.037598
0 0.552077 0.577637 0.079470 0.037109
0 0.565924 0.541992 0.083082 0.043945
0 0.580072 0.507812 0.083685 0.039062
0 0.587598 0.476562 0.083082 0.042969
0 0.600843 0.447754 0.067429 0.038086
0 0.610175 0.417236 0.068031 0.040527
0 0.614389 0.382568 0.052378 0.026855
0 0.611078 0.355713 0.051776 0.029785
0 0.602047 0.328613 0.051776 0.029297
0 0.596328 0.301270 0.055990 0.030273
0 0.592414 0.274170 0.055388 0.026855
0 0.592414 0.246826 0.055388 0.022949
0 0.591812 0.218750 0.056592 0.024414
1 0.566526 0.476562 0.170981 0.582031
