0 0.521004 0.704834 0.136270 0.051270
0 0.541496 0.656006 0.119877 0.039551
0 0.546107 0.612549 0.118852 0.037598
0 0.543033 0.573486 0.129098 0.036621
0 0.528176 0.537598 0.117828 0.035156
0 0.516393 0.506592 0.114754 0.032715
0 0.506148 0.474854 0.108607 0.035645
0 0.491803 0.444092 0.110656 0.032715
0 0.484119 0.416260 0.093238 0.027832
0 0.481045 0.387451 0.080943 0.022949
0 0.483607 0.359375 0.081967 0.026367
0 0.494877 0.330811 0.081967 0.020996
0 0.503586 0.304688 0.091189 0.025391
0 0.508709 0.276367 0.099385 0.023438
0 0.512807 0.251221 0.091189 0.020996
0 0.516906 0.226807 0.101434 0.022949
1 0.526639 0.472168 0.258197 0.596680
