0 0.506510 0.215820 0.066406 0.033203
0 0.504883 0.254150 0.072266 0.026855
0 0.500326 0.291260 0.078776 0.025879
0 0.496094 0.328125 0.089844 0.029297
0 0.551758 0.766113 0.120443 0.053711
0 0.548503 0.830322 0.123047 0.056152
0 0.551432 0.704346 0.111979 0.053223
0 0.527344 0.650391 0.108073 0.054688
0 0.489258 0.364258 0.100911 0.029297
0 0.505859 0.594238 0.109375 0.054688
0 0.485026 0.552246 0.104167 0.049805
0 0.464518 0.503906 0.100911 0.054688
0 0.473958 0.409424 0.101562 0.036621
0 0.464193 0.456055 0.095052 0.034180
1 0.508138 0.530273 0.249349 0.697266
