0 0.444336 0.716797 0.094401 0.043945
0 0.449219 0.668457 0.088542 0.048828
0 0.468099 0.624756 0.089844 0.053223
0 0.493815 0.584717 0.091797 0.056152
0 0.517904 0.548340 0.086589 0.050781
0 0.534831 0.513672 0.073568 0.041992
0 0.542643 0.479492 0.055339 0.032227
0 0.539388 0.444092 0.060547 0.031738
0 0.531576 0.413818 0.074870 0.041504
0 0.515951 0.387939 0.065755 0.039551
0 0.495117 0.362305 0.064453 0.045898
0 0.471354 0.339355 0.053385 0.040039
0 0.455404 0.312256 0.046224 0.023926
0 0.450195 0.285645 0.052734 0.027344
0 0.456055 0.258301 0.050130 0.021484
1 0.493490 0.488037 0.234375 0.515137
