0 0.468394 0.769775 0.132642 0.047363
0 0.483938 0.722168 0.134715 0.053711
0 0.508808 0.676270 0.128497 0.045898
0 0.516062 0.633057 0.122280 0.047363
0 0.516580 0.590576 0.127461 0.031738
0 0.510881 0.554199 0.122280 0.034180
0 0.497927 0.521973 0.108808 0.034180
0 0.494301 0.489990 0.105699 0.033691
0 0.476166 0.461914 0.102591 0.033203
0 0.471503 0.431885 0.093264 0.025879
0 0.466321 0.401367 0.087047 0.027344
0 0.479793 0.374023 0.089119 0.034180
0 0.498964 0.345215 0.083938 0.027344
0 0.506736 0.319092 0.093264 0.022949
0 0.514508 0.294434 0.096373 0.026367
0 0.519171 0.268799 0.095337 0.021973
0 0.523834 0.245850 0.106736 0.023926
1 0.454404 0.524658 0.349223 0.627441
