0 0.544498 0.658203 0.121359 0.046875
0 0.526699 0.623535 0.101942 0.043945
0 0.512945 0.589355 0.087379 0.038086
0 0.496764 0.556152 0.074434 0.032227
0 0.495146 0.521973 0.071197 0.026367
0 0.511327 0.473145 0.077670 0.026367
0 0.525081 0.445801 0.079288 0.028320
0 0.537217 0.423828 0.071197 0.021484
0 0.542071 0.403809 0.064725 0.018555
0 0.542071 0.382324 0.064725 0.018555
0 0.542071 0.359375 0.061489 0.021484
0 0.535599 0.339844 0.061489 0.021484
0 0.529126 0.318848 0.051780 0.018555
0 0.528317 0.301758 0.050162 0.015625
0 0.521845 0.284180 0.056634 0.013672
0 0.522654 0.266113 0.048544 0.016602
0 0.501618 0.494629 0.071197 0.018555
1 0.548544 0.466797 0.242718 0.488281
