0 0.465169 0.754150 0.110026 0.067871
0 0.454753 0.690430 0.111328 0.051758
0 0.477214 0.629150 0.111979 0.067871
0 0.520182 0.578613 0.106771 0.071289
0 0.553711 0.536377 0.097005 0.063965
0 0.579427 0.496094 0.088542 0.057617
0 0.601562 0.451660 0.079427 0.042969
0 0.598633 0.403564 0.078776 0.048340
0 0.570638 0.364258 0.074870 0.047852
0 0.548828 0.324951 0.076823 0.050293
0 0.532227 0.287842 0.073568 0.044434
0 0.519857 0.248047 0.059245 0.033203
0 0.518555 0.209961 0.070964 0.036133
1 0.510091 0.494873 0.310547 0.622559
