0 0.472982 0.786377 0.077474 0.032715
0 0.466146 0.744141 0.076823 0.041016
0 0.458984 0.706055 0.062500 0.032227
0 0.454753 0.670898 0.069661 0.027344
0 0.454427 0.636719 0.071615 0.031250
0 0.461263 0.606445 0.068359 0.031250
0 0.469076 0.578369 0.064453 0.028809
0 0.475586 0.552246 0.055339 0.027344
0 0.486003 0.526855 0.055339 0.029297
0 0.492188 0.502930 0.046875 0.022461
0 0.493490 0.478271 0.044271 0.020996
0 0.490885 0.453125 0.048177 0.027344
0 0.483073 0.429443 0.040365 0.024902
0 0.478841 0.405029 0.047526 0.022949
0 0.477214 0.383057 0.049479 0.020020
0 0.474935 0.361328 0.051432 0.019531
0 0.474609 0.339600 0.055990 0.018066
1 0.489909 0.556396 0.197266 0.493652
