0 0.455729 0.173340 0.059896 0.027344
0 0.457357 0.201904 0.059245 0.023926
0 0.457682 0.230225 0.061198 0.022949
0 0.456055 0.258057 0.056641 0.023926
0 0.454753 0.284424 0.055339 0.022949
0 0.450195 0.309814 0.064453 0.025879
0 0.444661 0.341064 0.072917 0.029785
0 0.442057 0.372559 0.062500 0.027344
0 0.445312 0.403809 0.069010 0.029297
0 0.457682 0.437988 0.071615 0.033203
0 0.469076 0.474854 0.077474 0.036621
0 0.482747 0.510254 0.074870 0.036133
0 0.489583 0.554443 0.071615 0.037598
0 0.488607 0.596436 0.077474 0.042480
0 0.476562 0.636230 0.089844 0.043945
0 0.460612 0.678955 0.091797 0.045410
0 0.448242 0.720947 0.091797 0.038574
1 0.464518 0.459229 0.186849 0.633301
