0 0.483405 0.697754 0.120985 0.041016
0 0.499465 0.659424 0.108137 0.039551
0 0.511242 0.623535 0.095289 0.031250
0 0.514989 0.586670 0.102784 0.031738
0 0.508565 0.551270 0.109208 0.033203
0 0.492505 0.518311 0.102784 0.034668
0 0.471627 0.488281 0.088865 0.034180
0 0.457709 0.459717 0.082441 0.026855
0 0.457709 0.429443 0.082441 0.025879
0 0.468951 0.402832 0.092077 0.027344
0 0.481263 0.377686 0.080300 0.023926
0 0.497323 0.352783 0.078158 0.026855
0 0.503212 0.327637 0.066381 0.018555
0 0.502677 0.304443 0.069593 0.020020
0 0.504818 0.281738 0.073876 0.019531
1 0.489293 0.496338 0.248394 0.534668
