0 0.501714 0.716309 0.095116 0.041016
0 0.500000 0.674561 0.095116 0.034668
0 0.508997 0.638916 0.099400 0.031738
0 0.516281 0.601074 0.089974 0.036133
0 0.531705 0.569824 0.100257 0.038086
0 0.553985 0.541748 0.091688 0.037598
0 0.572408 0.517822 0.089117 0.034668
0 0.585261 0.491455 0.082262 0.030762
0 0.594259 0.465576 0.067695 0.020020
0 0.591688 0.439697 0.065981 0.025879
0 0.584404 0.415771 0.066838 0.025879
0 0.572836 0.394531 0.062554 0.025391
0 0.562554 0.369873 0.059126 0.025879
0 0.555698 0.345459 0.059126 0.020996
0 0.552699 0.323486 0.063410 0.020996
0 0.544559 0.297852 0.062554 0.022461
1 0.529135 0.520508 0.237361 0.487305
