0 0.516595 0.697754 0.120985 0.041016
0 0.500535 0.659424 0.108137 0.039551
0 0.488758 0.623535 0.095289 0.031250
0 0.485011 0.586670 0.102784 0.031738
0 0.491435 0.551270 0.109208 0.033203
0 0.507495 0.518311 0.102784 0.034668
0 0.528373 0.488281 0.088865 0.034180
0 0.542291 0.459717 0.082441 0.026855
0 0.542291 0.429443 0.082441 0.025879
0 0.531049 0.402832 0.092077 0.027344
0 0.518737 0.377686 0.080300 0.023926
0 0.502677 0.352783 0.078158 0.026855
0 0.496788 0.327637 0.066381 0.018555
0 0.497323 0.304443 0.069593 0.020020
0 0.495182 0.281738 0.073876 0.019531
1 0.510707 0.496338 0.248394 0.534668
