0 0.577799 0.334229 0.048828 0.021973
0 0.569987 0.316650 0.047526 0.028809
0 0.558919 0.296143 0.046224 0.020020
0 0.552409 0.278320 0.039714 0.015625
0 0.555013 0.257812 0.039714 0.020508
0 0.566406 0.239258 0.036458 0.020508
0 0.577148 0.225098 0.031901 0.020508
0 0.589518 0.210205 0.034505 0.020020
0 0.597005 0.194824 0.028646 0.016602
0 0.599609 0.176270 0.028646 0.015625
0 0.594401 0.162598 0.029948 0.015625
0 0.585612 0.146973 0.030599 0.016602
0 0.580729 0.132568 0.035156 0.018066
0 0.575846 0.116943 0.029297 0.014160
0 0.573568 0.104248 0.028646 0.010254
0 0.573568 0.092041 0.028646 0.010254
1 0.570312 0.223389 0.153646 0.320801
