0 0.504316 0.768066 0.138101 0.028320
0 0.486436 0.732422 0.149199 0.043945
0 0.456843 0.690186 0.139334 0.043457
0 0.434032 0.651367 0.115906 0.039062
0 0.416769 0.612061 0.115906 0.032715
0 0.418619 0.574707 0.112207 0.033203
0 0.437115 0.538818 0.119605 0.036621
0 0.459309 0.505859 0.114673 0.037109
0 0.477805 0.474609 0.092478 0.027344
0 0.480888 0.443359 0.098644 0.029297
0 0.469174 0.415771 0.092478 0.029785
0 0.450678 0.389648 0.097411 0.031250
0 0.426017 0.363281 0.094945 0.029297
0 0.411221 0.338623 0.087546 0.026855
0 0.400740 0.313721 0.071517 0.022949
0 0.393958 0.289062 0.082614 0.023438
0 0.395191 0.265137 0.090012 0.020508
1 0.453761 0.506592 0.293465 0.597168
