0 0.515048 0.610352 0.113543 0.046875
0 0.499316 0.558105 0.106703 0.045898
0 0.487004 0.510742 0.101231 0.042969
0 0.495896 0.458496 0.102599 0.045898
0 0.516416 0.412109 0.113543 0.060547
0 0.533516 0.376465 0.098495 0.043945
0 0.554036 0.345215 0.095759 0.045898
0 0.572503 0.308105 0.094391 0.040039
0 0.584815 0.270508 0.075239 0.021484
0 0.581395 0.237793 0.065663 0.032227
0 0.573187 0.204590 0.071135 0.032227
0 0.558824 0.176758 0.067031 0.033203
0 0.550616 0.141602 0.064295 0.025391
0 0.540356 0.116699 0.071135 0.026367
0 0.543092 0.088379 0.060192 0.028320
1 0.522572 0.353516 0.251710 0.621094
