0 0.495192 0.767578 0.107692 0.074219
0 0.479327 0.699707 0.095192 0.063477
0 0.476442 0.632324 0.087500 0.053711
0 0.473077 0.567871 0.090385 0.049805
0 0.471154 0.504883 0.090385 0.052734
0 0.470192 0.445801 0.088462 0.053711
0 0.479808 0.380859 0.086538 0.050781
0 0.477885 0.323730 0.071154 0.045898
0 0.484615 0.271484 0.071154 0.042969
0 0.485577 0.217285 0.071154 0.043945
0 0.483654 0.160156 0.080769 0.039062
1 0.490385 0.514648 0.226923 0.955078
0 0.502885 0.849609 0.101923 0.082031
0 0.513462 0.919922 0.115385 0.082031
