0 0.534314 0.611328 0.166667 0.052734
0 0.574755 0.569336 0.159314 0.048828
0 0.596814 0.525879 0.134804 0.034180
0 0.577206 0.485840 0.149510 0.045898
0 0.537990 0.451172 0.154412 0.048828
0 0.491422 0.419922 0.149510 0.046875
0 0.464461 0.385742 0.120098 0.035156
0 0.452206 0.354492 0.120098 0.025391
0 0.462010 0.324219 0.129902 0.033203
0 0.487745 0.297852 0.112745 0.035156
0 0.504902 0.270020 0.117647 0.034180
0 0.529412 0.243652 0.117647 0.030273
0 0.536765 0.220215 0.102941 0.026367
0 0.540441 0.195312 0.095588 0.023438
0 0.546569 0.171387 0.117647 0.022461
1 0.529412 0.396484 0.333333 0.511719
