0 0.437500 0.755371 0.145833 0.032227
0 0.442708 0.708984 0.145833 0.033203
0 0.463542 0.666992 0.135417 0.033203
0 0.480469 0.631836 0.153646 0.037109
0 0.490885 0.593262 0.153646 0.032227
0 0.496094 0.555176 0.138021 0.030273
0 0.488281 0.520996 0.122396 0.026367
0 0.477865 0.487793 0.132812 0.026367
0 0.473958 0.458008 0.114583 0.025391
0 0.467448 0.424316 0.091146 0.024414
0 0.455729 0.391602 0.098958 0.021484
0 0.447917 0.361328 0.098958 0.025391
0 0.449219 0.331055 0.106771 0.023438
0 0.457031 0.304688 0.106771 0.019531
1 0.460938 0.540039 0.338542 0.529297
