0 0.562642 0.708008 0.123007 0.046875
0 0.616173 0.670410 0.107062 0.034180
0 0.628702 0.640625 0.104784 0.023438
0 0.633257 0.610352 0.104784 0.027344
0 0.610478 0.579590 0.127563 0.036133
0 0.588838 0.551758 0.107062 0.031250
0 0.569476 0.524902 0.104784 0.032227
0 0.561503 0.496094 0.084282 0.023438
0 0.559226 0.469727 0.088838 0.021484
0 0.556948 0.445801 0.084282 0.022461
0 0.560364 0.422363 0.082005 0.020508
0 0.568337 0.398926 0.093394 0.026367
0 0.571754 0.372070 0.086560 0.023438
0 0.572893 0.347168 0.079727 0.020508
1 0.576310 0.522461 0.218679 0.443359
