0 0.505252 0.812012 0.132353 0.034180
0 0.509454 0.767090 0.111345 0.032227
0 0.513655 0.727051 0.119748 0.030273
0 0.493697 0.685059 0.109244 0.034180
0 0.472689 0.651855 0.105042 0.028320
0 0.469538 0.615723 0.098739 0.028320
0 0.465336 0.576172 0.094538 0.035156
0 0.471639 0.520996 0.086134 0.036133
0 0.482143 0.486816 0.073529 0.022461
0 0.488445 0.459961 0.073529 0.023438
0 0.492647 0.434570 0.077731 0.021484
0 0.507353 0.407715 0.065126 0.026367
0 0.518908 0.381348 0.067227 0.024414
1 0.518908 0.608398 0.273109 0.517578
