0 0.475862 0.668000 0.110345 0.048000
0 0.472414 0.618000 0.124138 0.044000
0 0.465517 0.572000 0.110345 0.040000
0 0.470690 0.532000 0.106897 0.032000
0 0.475862 0.500000 0.096552 0.032000
0 0.482759 0.465000 0.096552 0.030000
0 0.486207 0.430000 0.096552 0.036000
0 0.472414 0.388000 0.089655 0.040000
0 0.448276 0.359000 0.096552 0.050000
0 0.408621 0.333000 0.100000 0.046000
0 0.377586 0.304000 0.079310 0.036000
0 0.363793 0.276000 0.072414 0.032000
0 0.365517 0.244000 0.075862 0.028000
0 0.381034 0.221000 0.072414 0.034000
0 0.403448 0.199000 0.075862 0.034000
1 0.441379 0.428000 0.262069 0.568000
