0 0.519560 0.887626 0.129584 0.042929
0 0.539120 0.836490 0.144254 0.051768
0 0.559902 0.791035 0.132029 0.049242
0 0.574572 0.741162 0.117359 0.035354
0 0.574572 0.699495 0.117359 0.035354
0 0.574572 0.655303 0.117359 0.040404
0 0.562347 0.615530 0.107579 0.036616
0 0.550122 0.578283 0.102689 0.037879
0 0.548900 0.541035 0.095355 0.036616
0 0.551345 0.506313 0.095355 0.037879
0 0.546455 0.471591 0.095355 0.029040
0 0.548900 0.436237 0.095355 0.034091
0 0.550122 0.399621 0.088020 0.029040
0 0.547677 0.368687 0.083130 0.022727
0 0.542787 0.342172 0.088020 0.025253
0 0.536675 0.314394 0.090465 0.027778
1 0.541565 0.611742 0.281174 0.660354
