0 0.485294 0.656738 0.151584 0.047852
0 0.454751 0.619141 0.135747 0.042969
0 0.428733 0.586426 0.124434 0.032227
0 0.419683 0.550781 0.133484 0.031250
0 0.447964 0.520508 0.122172 0.037109
0 0.478507 0.492676 0.119910 0.038086
0 0.511312 0.464355 0.099548 0.032227
0 0.528281 0.433105 0.092760 0.024414
0 0.516968 0.405273 0.092760 0.025391
0 0.509050 0.377930 0.099548 0.033203
0 0.486425 0.351074 0.099548 0.032227
0 0.466063 0.324707 0.099548 0.022461
0 0.454751 0.300293 0.099548 0.020508
0 0.449095 0.275879 0.092760 0.022461
1 0.470588 0.459961 0.425339 0.462891
