0 0.575111 0.736543 0.076444 0.032895
0 0.577333 0.695873 0.073778 0.031699
0 0.576889 0.655801 0.074667 0.031699
0 0.578667 0.616627 0.078222 0.033493
0 0.570667 0.579545 0.080000 0.037081
0 0.563556 0.546352 0.080000 0.032895
0 0.551556 0.515849 0.073778 0.034091
0 0.545333 0.485347 0.066667 0.026914
0 0.548889 0.453349 0.066667 0.028708
0 0.553778 0.424940 0.065778 0.031699
0 0.564889 0.393840 0.068444 0.030502
0 0.574222 0.363935 0.069333 0.024522
0 0.574222 0.340909 0.069333 0.023923
0 0.579111 0.316089 0.070222 0.020933
1 0.586667 0.532297 0.199111 0.498804
