0 0.429302 0.798828 0.153322 0.058594
0 0.413969 0.738770 0.129472 0.045898
0 0.419932 0.681152 0.131175 0.053711
0 0.443782 0.629395 0.120954 0.049805
0 0.477853 0.584961 0.114140 0.050781
0 0.510221 0.541504 0.120954 0.057617
0 0.542589 0.503906 0.120954 0.052734
0 0.564736 0.464844 0.100511 0.041016
0 0.565588 0.424805 0.088586 0.031250
0 0.563884 0.384766 0.102215 0.041016
0 0.545997 0.351562 0.100511 0.044922
0 0.517036 0.319824 0.093697 0.041992
0 0.492334 0.287598 0.085179 0.040039
0 0.472743 0.257324 0.083475 0.038086
0 0.461670 0.226074 0.095400 0.038086
0 0.452300 0.195312 0.093697 0.033203
1 0.488927 0.503906 0.357751 0.710938
