0 0.531457 0.675781 0.102649 0.029687
0 0.531457 0.642188 0.102649 0.028125
0 0.538079 0.608594 0.109272 0.026562
0 0.536424 0.575000 0.105960 0.025000
0 0.538079 0.543750 0.109272 0.028125
0 0.543046 0.512500 0.099338 0.025000
0 0.546358 0.485156 0.099338 0.023438
0 0.546358 0.458594 0.092715 0.023438
0 0.541391 0.435156 0.096026 0.023438
0 0.541391 0.409375 0.089404 0.025000
0 0.528146 0.361719 0.076159 0.020313
0 0.531457 0.385937 0.069536 0.018750
0 0.528146 0.337500 0.069536 0.018750
0 0.528146 0.315625 0.076159 0.021875
0 0.526490 0.292187 0.079470 0.018750
1 0.529801 0.495312 0.238411 0.475000
