0 0.437939 0.764648 0.149883 0.037109
0 0.419204 0.721191 0.154567 0.041992
0 0.429742 0.675293 0.156909 0.043945
0 0.461358 0.633789 0.159251 0.046875
0 0.489461 0.593262 0.154567 0.045898
0 0.523419 0.557129 0.147541 0.047852
0 0.546838 0.522949 0.110070 0.036133
0 0.560890 0.486816 0.105386 0.026367
0 0.558548 0.454102 0.119438 0.035156
0 0.539813 0.427246 0.114754 0.032227
0 0.517564 0.398926 0.112412 0.034180
0 0.497658 0.373535 0.110070 0.028320
0 0.483607 0.347168 0.096019 0.020508
0 0.480094 0.321777 0.088993 0.022461
0 0.478923 0.296875 0.091335 0.023438
1 0.477752 0.512695 0.337237 0.560547
