0 0.612305 0.675781 0.082682 0.042969
0 0.617188 0.626709 0.076823 0.033691
0 0.613281 0.584473 0.071615 0.032227
0 0.602539 0.538574 0.073568 0.038086
0 0.588542 0.500732 0.063802 0.034668
0 0.581380 0.467773 0.062500 0.031250
0 0.579427 0.432373 0.065104 0.029785
0 0.579753 0.400879 0.059245 0.028320
0 0.582682 0.367920 0.049479 0.026855
0 0.585938 0.338623 0.055990 0.026855
0 0.600911 0.252441 0.044271 0.024414
0 0.607096 0.225586 0.054036 0.027344
0 0.591471 0.309326 0.047526 0.027832
0 0.597005 0.277588 0.053385 0.023926
1 0.594076 0.458252 0.164714 0.515137
