0 0.510917 0.790573 0.122271 0.032220
0 0.509825 0.826969 0.128821 0.033413
0 0.517467 0.742243 0.135371 0.035800
0 0.515284 0.692721 0.139738 0.046539
0 0.527293 0.644391 0.137555 0.045346
0 0.545852 0.602029 0.135371 0.046539
0 0.550218 0.556683 0.117904 0.032220
0 0.549127 0.514320 0.124454 0.040573
0 0.534934 0.477924 0.117904 0.041766
0 0.518559 0.443317 0.106987 0.044153
0 0.502183 0.410501 0.096070 0.038186
0 0.481441 0.375298 0.080786 0.029833
0 0.492358 0.344272 0.093886 0.034606
0 0.508734 0.315036 0.096070 0.035800
0 0.529476 0.285203 0.080786 0.028640
0 0.530568 0.255967 0.078603 0.027446
0 0.530568 0.227327 0.087336 0.025060
1 0.522926 0.528043 0.211790 0.655131
