0 0.510796 0.897949 0.187584 0.086914
0 0.539136 0.818848 0.192982 0.086914
0 0.553981 0.731934 0.168691 0.069336
0 0.541835 0.643555 0.176788 0.082031
0 0.518219 0.558594 0.183536 0.089844
0 0.493927 0.480469 0.159244 0.078125
0 0.484480 0.406738 0.161943 0.065430
0 0.481107 0.339355 0.152497 0.053711
0 0.475709 0.273926 0.136302 0.049805
0 0.479757 0.206543 0.122807 0.047852
0 0.475034 0.143555 0.113360 0.050781
0 0.485830 0.088867 0.110661 0.046875
0 0.486505 0.041504 0.106613 0.045898
1 0.533063 0.496094 0.345479 0.968750
