0 0.458611 0.673724 0.148198 0.028230
0 0.463952 0.650380 0.110814 0.019544
0 0.471295 0.616992 0.112150 0.027687
0 0.467957 0.580076 0.105474 0.032030
0 0.451936 0.547231 0.113485 0.031488
0 0.431909 0.515744 0.094793 0.023887
0 0.423899 0.489142 0.086782 0.021716
0 0.419893 0.462812 0.097463 0.017915
0 0.419893 0.440554 0.092123 0.020087
0 0.427904 0.415038 0.078772 0.028773
0 0.437917 0.389794 0.058745 0.022801
0 0.441923 0.368621 0.042724 0.020630
0 0.440587 0.348263 0.045394 0.019001
0 0.438585 0.327090 0.046729 0.020087
0 0.439252 0.306189 0.045394 0.018458
1 0.449266 0.488599 0.230975 0.431053
