0 0.542389 0.693848 0.132948 0.040039
0 0.542389 0.650391 0.132948 0.037109
0 0.542389 0.602539 0.129094 0.041016
0 0.528902 0.562012 0.121387 0.047852
0 0.506744 0.526367 0.111753 0.042969
0 0.483622 0.494141 0.123314 0.046875
0 0.447013 0.463867 0.104046 0.039062
0 0.429672 0.434082 0.088632 0.030273
0 0.432563 0.402832 0.086705 0.022461
0 0.423892 0.374512 0.092486 0.028320
0 0.435453 0.349121 0.096339 0.036133
0 0.459538 0.323242 0.086705 0.033203
0 0.473025 0.298828 0.090559 0.035156
0 0.486513 0.273438 0.094412 0.035156
0 0.495183 0.245605 0.088632 0.026367
1 0.495183 0.467773 0.300578 0.521484
