0 0.473350 0.674805 0.159898 0.041016
0 0.463198 0.638672 0.139594 0.035156
0 0.455584 0.601562 0.139594 0.037109
0 0.441624 0.567871 0.131980 0.026367
0 0.440355 0.532227 0.119289 0.027344
0 0.440355 0.500488 0.124365 0.030273
0 0.442893 0.471680 0.129442 0.023438
0 0.453046 0.446777 0.109137 0.026367
0 0.459391 0.420410 0.096447 0.020508
0 0.459391 0.397949 0.101523 0.022461
0 0.449239 0.373047 0.106599 0.023438
0 0.446701 0.348633 0.096447 0.019531
0 0.446701 0.324219 0.086294 0.023438
0 0.446701 0.302246 0.101523 0.022461
1 0.474619 0.489258 0.248731 0.447266
