0 0.466819 0.688661 0.128146 0.028348
0 0.453089 0.657869 0.128146 0.033236
0 0.434783 0.618768 0.128146 0.031281
0 0.434783 0.582111 0.128146 0.034213
0 0.446224 0.548387 0.118993 0.037146
0 0.469108 0.519062 0.114416 0.035191
0 0.488558 0.491202 0.102975 0.032258
0 0.510297 0.465298 0.100686 0.029326
0 0.521739 0.438905 0.082380 0.021505
0 0.513730 0.415934 0.080092 0.022483
0 0.508009 0.392962 0.077803 0.023460
0 0.496568 0.369990 0.082380 0.024438
0 0.482838 0.346530 0.082380 0.024438
0 0.479405 0.324536 0.075515 0.019550
0 0.471396 0.303519 0.073227 0.020528
0 0.463387 0.285924 0.061785 0.014663
0 0.464531 0.266862 0.073227 0.019550
0 0.453089 0.244379 0.068650 0.017595
0 0.449657 0.224829 0.061785 0.017595
0 0.450801 0.205279 0.064073 0.015640
1 0.475973 0.452102 0.242563 0.532747
