0 0.462547 0.602539 0.093633 0.031250
0 0.458801 0.567871 0.101124 0.030273
0 0.470037 0.533691 0.108614 0.032227
0 0.473783 0.501465 0.097378 0.028320
0 0.485019 0.471680 0.104869 0.029297
0 0.491573 0.443359 0.084270 0.023438
0 0.497191 0.418457 0.069288 0.018555
0 0.495318 0.397461 0.080524 0.019531
0 0.491573 0.377441 0.080524 0.022461
0 0.491573 0.354980 0.080524 0.022461
0 0.484082 0.333984 0.080524 0.023438
0 0.470037 0.318359 0.074906 0.025391
0 0.462547 0.298340 0.074906 0.026367
0 0.451311 0.278809 0.063670 0.018555
0 0.447566 0.258789 0.071161 0.021484
1 0.471910 0.433594 0.164794 0.390625
