0 0.533181 0.688661 0.128146 0.028348
0 0.546911 0.657869 0.128146 0.033236
0 0.565217 0.618768 0.128146 0.031281
0 0.565217 0.582111 0.128146 0.034213
0 0.553776 0.548387 0.118993 0.037146
0 0.530892 0.519062 0.114416 0.035191
0 0.511442 0.491202 0.102975 0.032258
0 0.489703 0.465298 0.100686 0.029326
0 0.478261 0.438905 0.082380 0.021505
0 0.486270 0.415934 0.080092 0.022483
0 0.491991 0.392962 0.077803 0.023460
0 0.503432 0.369990 0.082380 0.024438
0 0.517162 0.346530 0.082380 0.024438
0 0.520595 0.324536 0.075515 0.019550
0 0.528604 0.303519 0.073227 0.020528
0 0.536613 0.285924 0.061785 0.014663
0 0.535469 0.266862 0.073227 0.019550
0 0.546911 0.244379 0.068650 0.017595
0 0.550343 0.224829 0.061785 0.017595
0 0.549199 0.205279 0.064073 0.015640
1 0.524027 0.452102 0.242563 0.532747
