0 0.574755 0.752441 0.159314 0.043945
0 0.598039 0.720703 0.151961 0.044922
0 0.617647 0.686035 0.147059 0.034180
0 0.626225 0.651855 0.139706 0.028320
0 0.621324 0.618164 0.139706 0.035156
0 0.612745 0.587891 0.132353 0.035156
0 0.590686 0.560059 0.117647 0.038086
0 0.572304 0.534668 0.115196 0.034180
0 0.542892 0.510742 0.105392 0.033203
0 0.529412 0.487305 0.093137 0.031250
0 0.518382 0.465332 0.105392 0.032227
0 0.497549 0.444336 0.107843 0.035156
0 0.470588 0.423828 0.093137 0.031250
0 0.444853 0.401367 0.095588 0.023438
0 0.430147 0.379883 0.110294 0.027344
1 0.539216 0.585938 0.431373 0.433594
