0 0.488669 0.702055 0.099150 0.057078
0 0.466006 0.652968 0.099150 0.054795
0 0.453258 0.611872 0.084986 0.041096
0 0.447592 0.565068 0.090652 0.043379
0 0.464589 0.522831 0.084986 0.050228
0 0.488669 0.488584 0.076487 0.050228
0 0.507082 0.453196 0.079320 0.047945
0 0.519830 0.416667 0.070822 0.038813
0 0.522663 0.377854 0.059490 0.034247
0 0.514164 0.345890 0.065156 0.034247
0 0.505666 0.313927 0.070822 0.034247
0 0.495751 0.279680 0.067989 0.038813
0 0.485836 0.246575 0.065156 0.031963
0 0.475921 0.212329 0.056657 0.022831
1 0.477337 0.457763 0.189802 0.563927
