0 0.518775 0.577148 0.116601 0.035156
0 0.505929 0.537598 0.102767 0.030273
0 0.514822 0.500977 0.096838 0.029297
0 0.532609 0.468262 0.096838 0.034180
0 0.556324 0.437500 0.092885 0.033203
0 0.572134 0.407227 0.092885 0.033203
0 0.593874 0.380371 0.084980 0.028320
0 0.611660 0.354004 0.069170 0.018555
0 0.605731 0.328613 0.073123 0.020508
0 0.595850 0.303711 0.073123 0.025391
0 0.584980 0.279785 0.071146 0.026367
0 0.566206 0.255371 0.069170 0.024414
0 0.549407 0.233398 0.063241 0.019531
0 0.543478 0.211426 0.055336 0.020508
0 0.539526 0.190430 0.055336 0.017578
1 0.559289 0.381836 0.249012 0.455078
