0 0.437888 0.662109 0.130435 0.042969
0 0.463768 0.616699 0.140787 0.049805
0 0.501035 0.575195 0.136646 0.046875
0 0.537267 0.538086 0.134576 0.044922
0 0.546584 0.493164 0.115942 0.029297
0 0.540373 0.456055 0.115942 0.035156
0 0.525880 0.421387 0.111801 0.038086
0 0.510352 0.388184 0.097308 0.032227
0 0.503106 0.357422 0.107660 0.037109
0 0.494824 0.322754 0.099379 0.032227
0 0.492754 0.290039 0.095238 0.031250
0 0.490683 0.259766 0.095238 0.025391
0 0.489648 0.229004 0.084886 0.026367
0 0.479296 0.202148 0.089027 0.019531
0 0.472050 0.173828 0.086957 0.023438
1 0.498965 0.427734 0.285714 0.593750
