0 0.505988 0.718750 0.121756 0.041016
0 0.484032 0.686035 0.121756 0.045898
0 0.473054 0.646973 0.119760 0.041992
0 0.453094 0.614258 0.107784 0.037109
0 0.453094 0.581055 0.095808 0.025391
0 0.456088 0.551758 0.101796 0.027344
0 0.474052 0.523438 0.101796 0.033203
0 0.494012 0.498535 0.085828 0.024414
0 0.507984 0.471680 0.081836 0.027344
0 0.519960 0.450684 0.073852 0.018555
0 0.528942 0.427246 0.075848 0.022461
0 0.526946 0.399414 0.067864 0.027344
0 0.526946 0.375000 0.071856 0.017578
0 0.527944 0.354004 0.065868 0.016602
0 0.529940 0.331055 0.069860 0.023438
1 0.493014 0.516602 0.211577 0.474609
