0 0.585227 0.629395 0.136364 0.047852
0 0.612689 0.589844 0.126894 0.042969
0 0.619318 0.551270 0.109848 0.030273
0 0.616477 0.518066 0.115530 0.030273
0 0.604167 0.485352 0.109848 0.033203
0 0.592803 0.455566 0.102273 0.032227
0 0.580492 0.426270 0.096591 0.030273
0 0.569129 0.398438 0.085227 0.029297
0 0.563447 0.370605 0.077652 0.028320
0 0.565341 0.343262 0.073864 0.022461
0 0.576705 0.319824 0.070076 0.026367
0 0.579545 0.295898 0.075758 0.031250
0 0.595644 0.271973 0.070076 0.024414
0 0.605114 0.249023 0.073864 0.027344
0 0.610795 0.225586 0.070076 0.023438
1 0.589015 0.443359 0.253788 0.480469
