0 0.469751 0.761230 0.128114 0.038086
0 0.487544 0.718750 0.120996 0.037109
0 0.492883 0.674316 0.117438 0.041992
0 0.487544 0.628418 0.117438 0.043945
0 0.463523 0.588379 0.115658 0.045898
0 0.443060 0.551758 0.099644 0.042969
0 0.421708 0.516113 0.106762 0.041992
0 0.406584 0.482422 0.097865 0.037109
0 0.399466 0.449219 0.069395 0.027344
0 0.406584 0.417969 0.080071 0.031250
0 0.416370 0.392578 0.081851 0.027344
0 0.427936 0.366699 0.080071 0.030273
0 0.438612 0.339355 0.076512 0.030273
0 0.446619 0.313965 0.071174 0.026367
0 0.456406 0.288574 0.072954 0.028320
0 0.465302 0.263672 0.083630 0.027344
1 0.457295 0.512695 0.252669 0.556641
