0 0.449657 0.759766 0.144165 0.037109
0 0.437071 0.720215 0.160183 0.038086
0 0.437071 0.675781 0.164760 0.039062
0 0.449657 0.636719 0.162471 0.037109
0 0.461098 0.600586 0.148741 0.037109
0 0.479405 0.567871 0.139588 0.036133
0 0.496568 0.536133 0.128146 0.035156
0 0.514874 0.503906 0.123570 0.035156
0 0.524027 0.472168 0.109840 0.028320
0 0.525172 0.443848 0.098398 0.022461
0 0.518307 0.416504 0.112128 0.030273
0 0.512586 0.388184 0.105263 0.028320
0 0.504577 0.361328 0.098398 0.029297
0 0.483982 0.333984 0.102975 0.017578
0 0.479405 0.304688 0.098398 0.023438
1 0.469108 0.532227 0.352403 0.537109
