0 0.602083 0.670000 0.070833 0.043750
0 0.595000 0.623750 0.076667 0.036250
0 0.581667 0.580937 0.070000 0.038125
0 0.571250 0.544687 0.074167 0.033125
0 0.562917 0.508750 0.070833 0.036250
0 0.558333 0.476562 0.065000 0.028125
0 0.556667 0.444063 0.058333 0.028125
0 0.561250 0.410625 0.049167 0.031250
0 0.563750 0.377188 0.042500 0.025625
0 0.567500 0.348750 0.036667 0.023750
0 0.571250 0.318437 0.040833 0.024375
0 0.572917 0.287813 0.035833 0.023125
0 0.570833 0.259375 0.040000 0.027500
1 0.579167 0.467500 0.158333 0.493750
