0 0.537453 0.602539 0.093633 0.031250
0 0.541199 0.567871 0.101124 0.030273
0 0.529963 0.533691 0.108614 0.032227
0 0.526217 0.501465 0.097378 0.028320
0 0.514981 0.471680 0.104869 0.029297
0 0.508427 0.443359 0.084270 0.023438
0 0.502809 0.418457 0.069288 0.018555
0 0.504682 0.397461 0.080524 0.019531
0 0.508427 0.377441 0.080524 0.022461
0 0.508427 0.354980 0.080524 0.022461
0 0.515918 0.333984 0.080524 0.023438
0 0.529963 0.318359 0.074906 0.025391
0 0.537453 0.298340 0.074906 0.026367
0 0.548689 0.278809 0.063670 0.018555
0 0.552434 0.258789 0.071161 0.021484
1 0.528090 0.433594 0.164794 0.390625
