0 0.446381 0.606445 0.142091 0.041016
0 0.415550 0.574707 0.134048 0.034180
0 0.400804 0.544434 0.109920 0.022461
0 0.404826 0.514160 0.128686 0.030273
0 0.424933 0.487793 0.131367 0.032227
0 0.449062 0.461914 0.115282 0.029297
0 0.458445 0.437012 0.117962 0.028320
0 0.473190 0.412598 0.104558 0.018555
0 0.469169 0.389160 0.101877 0.022461
0 0.457105 0.369629 0.093834 0.020508
0 0.446381 0.348633 0.093834 0.021484
0 0.445040 0.328613 0.085791 0.020508
0 0.435657 0.308594 0.088472 0.017578
0 0.434316 0.288574 0.080429 0.016602
1 0.447721 0.468750 0.380697 0.445312
