0 0.486900 0.707520 0.148472 0.051758
0 0.453057 0.668457 0.163755 0.051758
0 0.425764 0.630371 0.144105 0.040039
0 0.418122 0.592773 0.146288 0.035156
0 0.417031 0.558105 0.131004 0.032227
0 0.431223 0.525879 0.128821 0.032227
0 0.437773 0.497559 0.111354 0.030273
0 0.451965 0.471680 0.104803 0.031250
0 0.465066 0.443848 0.109170 0.028320
0 0.479258 0.415527 0.089520 0.022461
0 0.480349 0.389648 0.087336 0.025391
0 0.470524 0.363770 0.085153 0.024414
0 0.465066 0.337891 0.078603 0.023438
0 0.469432 0.285156 0.087336 0.021484
0 0.463974 0.311523 0.080786 0.021484
1 0.475983 0.484375 0.279476 0.535156
