0 0.521053 0.717391 0.163158 0.037116
0 0.505263 0.691941 0.147368 0.030753
0 0.493421 0.665429 0.155263 0.037116
0 0.473684 0.637328 0.157895 0.038176
0 0.464474 0.608165 0.134211 0.024390
0 0.464474 0.581124 0.134211 0.025451
0 0.468421 0.554613 0.115789 0.021209
0 0.478947 0.531283 0.121053 0.029692
0 0.501316 0.507423 0.128947 0.032874
0 0.539474 0.486214 0.110526 0.028632
0 0.557895 0.461294 0.110526 0.031813
0 0.594737 0.435843 0.110526 0.033934
0 0.618421 0.413043 0.110526 0.034995
0 0.642105 0.391835 0.105263 0.030753
0 0.660526 0.374337 0.110526 0.027572
1 0.535526 0.534464 0.402632 0.426299
