0 0.481959 0.731579 0.097938 0.065263
0 0.505155 0.688421 0.092784 0.054737
0 0.527062 0.650526 0.090206 0.050526
0 0.537371 0.607368 0.074742 0.031579
0 0.536082 0.571579 0.077320 0.040000
0 0.511598 0.534737 0.069588 0.046316
0 0.483247 0.507368 0.064433 0.042105
0 0.462629 0.477895 0.059278 0.037895
0 0.451031 0.447368 0.051546 0.031579
0 0.447165 0.416842 0.054124 0.029474
0 0.457474 0.391579 0.059278 0.029474
0 0.469072 0.366316 0.056701 0.033684
0 0.479381 0.342105 0.051546 0.027368
0 0.488402 0.312632 0.048969 0.031579
0 0.490979 0.285263 0.048969 0.023158
0 0.490979 0.261053 0.048969 0.021053
1 0.500000 0.488421 0.211340 0.576842
