0 0.530249 0.761230 0.128114 0.038086
0 0.512456 0.718750 0.120996 0.037109
0 0.507117 0.674316 0.117438 0.041992
0 0.512456 0.628418 0.117438 0.043945
0 0.536477 0.588379 0.115658 0.045898
0 0.556940 0.551758 0.099644 0.042969
0 0.578292 0.516113 0.106762 0.041992
0 0.593416 0.482422 0.097865 0.037109
0 0.600534 0.449219 0.069395 0.027344
0 0.593416 0.417969 0.080071 0.031250
0 0.583630 0.392578 0.081851 0.027344
0 0.572064 0.366699 0.080071 0.030273
0 0.561388 0.339355 0.076512 0.030273
0 0.553381 0.313965 0.071174 0.026367
0 0.543594 0.288574 0.072954 0.028320
0 0.534698 0.263672 0.083630 0.027344
1 0.542705 0.512695 0.252669 0.556641
