0 0.524126 0.657715 0.103161 0.040039
0 0.528286 0.607422 0.108153 0.041016
0 0.533278 0.562988 0.094842 0.038086
0 0.525790 0.500000 0.089850 0.037109
0 0.514975 0.460938 0.091514 0.039062
0 0.514143 0.419922 0.086522 0.037109
0 0.527454 0.385742 0.093178 0.044922
0 0.558236 0.354004 0.088186 0.045898
0 0.589018 0.326660 0.089850 0.045898
0 0.618136 0.298340 0.078203 0.038086
0 0.631448 0.269043 0.074875 0.030273
0 0.633943 0.237793 0.079867 0.030273
0 0.613977 0.210449 0.076539 0.036133
0 0.592346 0.191406 0.076539 0.037109
1 0.565724 0.422852 0.276206 0.521484
