0 0.576998 0.617530 0.066277 0.051793
0 0.588694 0.574701 0.062378 0.045817
0 0.593567 0.535857 0.056530 0.027888
0 0.594542 0.501992 0.058480 0.035857
0 0.589669 0.465139 0.060429 0.033865
0 0.580897 0.435259 0.054581 0.033865
0 0.575049 0.405378 0.054581 0.029880
0 0.571150 0.377490 0.050682 0.029880
0 0.569201 0.347610 0.050682 0.029880
0 0.567251 0.318725 0.046784 0.023904
0 0.571150 0.296813 0.038986 0.023904
0 0.575049 0.271912 0.042885 0.029880
0 0.580897 0.246016 0.038986 0.029880
0 0.588694 0.219124 0.038986 0.023904
0 0.593567 0.196215 0.040936 0.021912
1 0.580897 0.414343 0.120858 0.509960
