0 0.450658 0.674316 0.133772 0.045898
0 0.426535 0.631836 0.120614 0.042969
0 0.410088 0.590820 0.100877 0.029297
0 0.415570 0.554199 0.103070 0.032227
0 0.426535 0.517578 0.107456 0.035156
0 0.450658 0.488281 0.107456 0.035156
0 0.472588 0.458984 0.103070 0.037109
0 0.486842 0.432129 0.092105 0.030273
0 0.491228 0.403809 0.078947 0.024414
0 0.496711 0.374512 0.076754 0.024414
0 0.487939 0.349121 0.089912 0.028320
0 0.475877 0.325195 0.087719 0.025391
0 0.468202 0.301270 0.085526 0.026367
0 0.460526 0.278809 0.083333 0.018555
0 0.466009 0.257324 0.089912 0.020508
0 0.461623 0.235352 0.081140 0.019531
1 0.469298 0.452148 0.333333 0.517578
