0 0.516129 0.718262 0.144213 0.051758
0 0.547438 0.677246 0.142315 0.049805
0 0.564516 0.635254 0.123340 0.038086
0 0.565465 0.597168 0.125237 0.034180
0 0.547438 0.558105 0.119545 0.047852
0 0.513283 0.525391 0.119545 0.044922
0 0.488615 0.490723 0.111954 0.043945
0 0.472486 0.456055 0.094877 0.031250
0 0.470588 0.423340 0.087287 0.026367
0 0.480076 0.392578 0.094877 0.035156
0 0.500000 0.359863 0.096774 0.036133
0 0.516129 0.331055 0.102467 0.035156
0 0.533207 0.296875 0.079696 0.025391
0 0.538899 0.268555 0.075901 0.023438
1 0.508539 0.499023 0.345351 0.525391
