0 0.526650 0.674805 0.159898 0.041016
0 0.536802 0.638672 0.139594 0.035156
0 0.544416 0.601562 0.139594 0.037109
0 0.558376 0.567871 0.131980 0.026367
0 0.559645 0.532227 0.119289 0.027344
0 0.559645 0.500488 0.124365 0.030273
0 0.557107 0.471680 0.129442 0.023438
0 0.546954 0.446777 0.109137 0.026367
0 0.540609 0.420410 0.096447 0.020508
0 0.540609 0.397949 0.101523 0.022461
0 0.550761 0.373047 0.106599 0.023438
0 0.553299 0.348633 0.096447 0.019531
0 0.553299 0.324219 0.086294 0.023438
0 0.553299 0.302246 0.101523 0.022461
1 0.525381 0.489258 0.248731 0.447266
