0 0.437358 0.708008 0.123007 0.046875
0 0.383827 0.670410 0.107062 0.034180
0 0.371298 0.640625 0.104784 0.023438
0 0.366743 0.610352 0.104784 0.027344
0 0.389522 0.579590 0.127563 0.036133
0 0.411162 0.551758 0.107062 0.031250
0 0.430524 0.524902 0.104784 0.032227
0 0.438497 0.496094 0.084282 0.023438
0 0.440774 0.469727 0.088838 0.021484
0 0.443052 0.445801 0.084282 0.022461
0 0.439636 0.422363 0.082005 0.020508
0 0.431663 0.398926 0.093394 0.026367
0 0.428246 0.372070 0.086560 0.023438
0 0.427107 0.347168 0.079727 0.020508
1 0.423690 0.522461 0.218679 0.443359
