0 0.562099 0.697754 0.147752 0.032227
0 0.586724 0.663574 0.145610 0.040039
0 0.599572 0.623047 0.124197 0.033203
0 0.597430 0.586914 0.137045 0.025391
0 0.599572 0.556641 0.128480 0.025391
0 0.589936 0.525391 0.117773 0.029297
0 0.584582 0.493652 0.102784 0.030273
0 0.582441 0.462402 0.102784 0.024414
0 0.582441 0.435547 0.089936 0.025391
0 0.585653 0.409180 0.092077 0.027344
0 0.587794 0.383301 0.083512 0.024414
0 0.595289 0.357422 0.085653 0.025391
0 0.600642 0.328613 0.083512 0.026367
0 0.602784 0.303223 0.079229 0.020508
1 0.582441 0.505859 0.406852 0.519531
