0 0.494781 0.653320 0.125261 0.041016
0 0.514614 0.610840 0.118998 0.041992
0 0.524008 0.574219 0.108559 0.029297
0 0.530271 0.538574 0.112735 0.032227
0 0.526096 0.504395 0.121086 0.032227
0 0.506263 0.472656 0.123173 0.041016
0 0.481211 0.445312 0.106472 0.035156
0 0.464509 0.415039 0.093946 0.025391
0 0.461378 0.386719 0.096033 0.025391
0 0.461378 0.357422 0.091858 0.027344
0 0.474948 0.331543 0.093946 0.028320
0 0.484342 0.302734 0.096033 0.031250
0 0.497912 0.271973 0.081420 0.026367
0 0.492693 0.243652 0.079332 0.024414
1 0.471816 0.450195 0.263048 0.494141
