0 0.489083 0.790573 0.122271 0.032220
0 0.490175 0.826969 0.128821 0.033413
0 0.482533 0.742243 0.135371 0.035800
0 0.484716 0.692721 0.139738 0.046539
0 0.472707 0.644391 0.137555 0.045346
0 0.454148 0.602029 0.135371 0.046539
0 0.449782 0.556683 0.117904 0.032220
0 0.450873 0.514320 0.124454 0.040573
0 0.465066 0.477924 0.117904 0.041766
0 0.481441 0.443317 0.106987 0.044153
0 0.497817 0.410501 0.096070 0.038186
0 0.518559 0.375298 0.080786 0.029833
0 0.507642 0.344272 0.093886 0.034606
0 0.491266 0.315036 0.096070 0.035800
0 0.470524 0.285203 0.080786 0.028640
0 0.469432 0.255967 0.078603 0.027446
0 0.469432 0.227327 0.087336 0.025060
1 0.477074 0.528043 0.211790 0.655131
