0 0.477124 0.713379 0.174292 0.061523
0 0.505447 0.657715 0.165577 0.055664
0 0.530501 0.606445 0.137255 0.041016
0 0.532680 0.556641 0.124183 0.042969
0 0.517429 0.508789 0.141612 0.044922
0 0.497821 0.464844 0.128540 0.042969
0 0.470588 0.429688 0.126362 0.044922
0 0.447712 0.390137 0.111111 0.036133
0 0.446623 0.353516 0.108932 0.031250
0 0.452070 0.318848 0.106754 0.032227
0 0.467320 0.287598 0.106754 0.036133
0 0.486928 0.258301 0.098039 0.034180
0 0.508715 0.228516 0.098039 0.033203
0 0.528322 0.198730 0.093682 0.032227
0 0.534858 0.169434 0.093682 0.024414
1 0.479303 0.456055 0.300654 0.626953
