0 0.544815 0.777832 0.151142 0.059570
0 0.567663 0.727539 0.140598 0.042969
0 0.565905 0.678223 0.133568 0.036133
0 0.552724 0.635742 0.138840 0.046875
0 0.528120 0.596191 0.128295 0.047852
0 0.499121 0.561035 0.112478 0.047852
0 0.472759 0.527832 0.108963 0.047852
0 0.452548 0.497070 0.096661 0.041016
0 0.432337 0.462891 0.084359 0.031250
0 0.429701 0.432129 0.072056 0.026367
0 0.435852 0.399414 0.084359 0.029297
0 0.450791 0.372559 0.075571 0.030273
0 0.469244 0.342773 0.070299 0.031250
0 0.477153 0.312012 0.075571 0.026367
0 0.478910 0.286133 0.086116 0.023438
0 0.478910 0.262207 0.096661 0.020508
1 0.474517 0.518555 0.333919 0.619141
