0 0.424889 0.736543 0.076444 0.032895
0 0.422667 0.695873 0.073778 0.031699
0 0.423111 0.655801 0.074667 0.031699
0 0.421333 0.616627 0.078222 0.033493
0 0.429333 0.579545 0.080000 0.037081
0 0.436444 0.546352 0.080000 0.032895
0 0.448444 0.515849 0.073778 0.034091
0 0.454667 0.485347 0.066667 0.026914
0 0.451111 0.453349 0.066667 0.028708
0 0.446222 0.424940 0.065778 0.031699
0 0.435111 0.393840 0.068444 0.030502
0 0.425778 0.363935 0.069333 0.024522
0 0.425778 0.340909 0.069333 0.023923
0 0.420889 0.316089 0.070222 0.020933
1 0.413333 0.532297 0.199111 0.498804
