0 0.412178 0.649667 0.079625 0.044346
0 0.402810 0.601996 0.074941 0.042129
0 0.396956 0.558758 0.072600 0.039911
0 0.391101 0.521064 0.070258 0.039911
0 0.381733 0.482262 0.070258 0.028825
0 0.382904 0.447894 0.063232 0.035477
0 0.391101 0.414634 0.065574 0.039911
0 0.399297 0.381375 0.058548 0.035477
0 0.405152 0.353659 0.060890 0.037694
0 0.414520 0.327051 0.051522 0.033259
0 0.421546 0.298226 0.046838 0.028825
0 0.428571 0.267184 0.042155 0.028825
0 0.426230 0.238359 0.046838 0.028825
1 0.395785 0.452328 0.135831 0.536585
