0 0.533203 0.721191 0.141927 0.047852
0 0.520182 0.669434 0.147135 0.053711
0 0.509766 0.609375 0.144531 0.048828
0 0.501953 0.558594 0.139323 0.050781
0 0.505859 0.503906 0.141927 0.052734
0 0.516927 0.449707 0.145833 0.049805
0 0.515625 0.401855 0.127604 0.045898
0 0.527995 0.357910 0.123698 0.043945
0 0.527995 0.313965 0.121094 0.038086
0 0.528646 0.271484 0.109375 0.042969
0 0.514974 0.230957 0.102865 0.047852
0 0.502604 0.188965 0.096354 0.049805
0 0.489583 0.151367 0.091146 0.042969
0 0.479818 0.115234 0.084635 0.027344
0 0.480469 0.083496 0.093750 0.026367
1 0.522135 0.419922 0.210938 0.730469
