0 0.427083 0.629883 0.080729 0.040039
0 0.424154 0.584717 0.076172 0.037598
0 0.425130 0.542236 0.080729 0.038574
0 0.441081 0.498291 0.080078 0.036621
0 0.455404 0.461914 0.073568 0.038086
0 0.473958 0.432373 0.069010 0.039551
0 0.489583 0.402832 0.069010 0.036133
0 0.504232 0.375000 0.060547 0.033203
0 0.511719 0.343506 0.057292 0.022949
0 0.512044 0.314453 0.061849 0.030273
0 0.498698 0.289062 0.059896 0.034180
0 0.486328 0.264648 0.058594 0.032227
0 0.468424 0.242432 0.056641 0.033691
0 0.459635 0.217773 0.048177 0.027344
0 0.455729 0.193359 0.055990 0.029297
1 0.464193 0.410889 0.208333 0.505371
