0 0.495671 0.677149 0.069264 0.033543
0 0.495671 0.640461 0.064935 0.039832
0 0.504329 0.604822 0.064935 0.039832
0 0.509740 0.568134 0.071429 0.037736
0 0.518398 0.531447 0.062771 0.031447
0 0.514069 0.494759 0.062771 0.029350
0 0.510823 0.466457 0.064935 0.027254
0 0.507576 0.437107 0.058442 0.035639
0 0.497835 0.411950 0.056277 0.035639
0 0.489177 0.384696 0.051948 0.039832
0 0.475108 0.354298 0.049784 0.029350
0 0.467532 0.324948 0.043290 0.029350
0 0.468615 0.295597 0.041126 0.020964
0 0.469697 0.273585 0.043290 0.023061
0 0.478355 0.253669 0.043290 0.025157
1 0.494589 0.472746 0.136364 0.509434
