0 0.513100 0.707520 0.148472 0.051758
0 0.546943 0.668457 0.163755 0.051758
0 0.574236 0.630371 0.144105 0.040039
0 0.581878 0.592773 0.146288 0.035156
0 0.582969 0.558105 0.131004 0.032227
0 0.568777 0.525879 0.128821 0.032227
0 0.562227 0.497559 0.111354 0.030273
0 0.548035 0.471680 0.104803 0.031250
0 0.534934 0.443848 0.109170 0.028320
0 0.520742 0.415527 0.089520 0.022461
0 0.519651 0.389648 0.087336 0.025391
0 0.529476 0.363770 0.085153 0.024414
0 0.534934 0.337891 0.078603 0.023438
0 0.530568 0.285156 0.087336 0.021484
0 0.536026 0.311523 0.080786 0.021484
1 0.524017 0.484375 0.279476 0.535156
