0 0.508278 0.636719 0.109272 0.031250
0 0.514901 0.593262 0.105960 0.034180
0 0.513245 0.551758 0.115894 0.048828
0 0.495861 0.508301 0.117550 0.047852
0 0.475993 0.468750 0.120861 0.046875
0 0.452815 0.431641 0.110927 0.046875
0 0.431291 0.399414 0.100993 0.037109
0 0.418874 0.363770 0.096026 0.038086
0 0.411424 0.312500 0.084437 0.031250
0 0.417219 0.278320 0.076159 0.029297
0 0.427152 0.250000 0.076159 0.029297
0 0.437914 0.219238 0.071192 0.026367
0 0.447848 0.192383 0.064570 0.023438
1 0.473510 0.424805 0.238411 0.521484
