0 0.397917 0.670000 0.070833 0.043750
0 0.405000 0.623750 0.076667 0.036250
0 0.418333 0.580937 0.070000 0.038125
0 0.428750 0.544687 0.074167 0.033125
0 0.437083 0.508750 0.070833 0.036250
0 0.441667 0.476562 0.065000 0.028125
0 0.443333 0.444063 0.058333 0.028125
0 0.438750 0.410625 0.049167 0.031250
0 0.436250 0.377188 0.042500 0.025625
0 0.432500 0.348750 0.036667 0.023750
0 0.428750 0.318437 0.040833 0.024375
0 0.427083 0.287813 0.035833 0.023125
0 0.429167 0.259375 0.040000 0.027500
1 0.420833 0.467500 0.158333 0.493750
