0 0.440104 0.755371 0.151042 0.034180
0 0.425781 0.717285 0.127604 0.028320
0 0.421875 0.680176 0.125000 0.026367
0 0.437500 0.644531 0.119792 0.025391
0 0.459635 0.611328 0.127604 0.027344
0 0.470052 0.579102 0.101562 0.025391
0 0.470052 0.549316 0.096354 0.024414
0 0.460938 0.518555 0.109375 0.023438
0 0.459635 0.492188 0.096354 0.019531
0 0.451823 0.467773 0.091146 0.019531
0 0.457031 0.443359 0.085938 0.015625
0 0.451823 0.419922 0.085938 0.015625
0 0.459635 0.395996 0.059896 0.016602
0 0.457031 0.370605 0.065104 0.016602
0 0.455729 0.350098 0.062500 0.018555
1 0.440104 0.567383 0.286458 0.474609
