0 0.529476 0.772949 0.159389 0.049805
0 0.546943 0.725586 0.168122 0.046875
0 0.561135 0.678223 0.148472 0.040039
0 0.562227 0.630371 0.150655 0.041992
0 0.554585 0.588379 0.144105 0.041992
0 0.531659 0.551758 0.150655 0.046875
0 0.515284 0.513184 0.135371 0.040039
0 0.494541 0.478027 0.115721 0.030273
0 0.482533 0.445801 0.109170 0.028320
0 0.497817 0.413574 0.131004 0.034180
0 0.513100 0.384277 0.113537 0.034180
0 0.521834 0.356445 0.113537 0.033203
0 0.539301 0.328125 0.100437 0.033203
0 0.545852 0.302246 0.104803 0.028320
0 0.550218 0.271484 0.109170 0.027344
0 0.549127 0.243164 0.111354 0.023438
