0 0.411150 0.700195 0.121951 0.054688
0 0.406794 0.648438 0.113240 0.044922
0 0.412021 0.601562 0.127178 0.041016
0 0.431185 0.559082 0.137631 0.047852
0 0.452091 0.519043 0.127178 0.047852
0 0.466899 0.480957 0.114983 0.040039
0 0.483449 0.451172 0.113240 0.042969
0 0.490418 0.416992 0.109756 0.037109
0 0.495645 0.382324 0.092334 0.032227
0 0.493031 0.347168 0.090592 0.032227
0 0.485192 0.314941 0.099303 0.032227
0 0.477352 0.284668 0.083624 0.036133
0 0.461672 0.249023 0.080139 0.029297
0 0.437282 0.743164 0.139373 0.050781
