0 0.472749 0.801758 0.130332 0.033203
0 0.477488 0.760254 0.116114 0.030273
0 0.481043 0.720215 0.118483 0.032227
0 0.483412 0.680176 0.118483 0.034180
0 0.492891 0.644043 0.113744 0.030273
0 0.508294 0.610352 0.111374 0.029297
0 0.516588 0.578125 0.104265 0.033203
0 0.533175 0.547852 0.085308 0.029297
0 0.543839 0.522949 0.078199 0.026367
0 0.555687 0.495117 0.082938 0.021484
0 0.548578 0.467285 0.068720 0.024414
0 0.540284 0.443848 0.066351 0.020508
0 0.536730 0.419434 0.078199 0.022461
0 0.533175 0.395020 0.075829 0.026367
1 0.523697 0.595703 0.232227 0.472656
