0 0.500651 0.781738 0.180990 0.053711
0 0.495443 0.715332 0.160156 0.057617
0 0.508464 0.640137 0.170573 0.077148
0 0.516927 0.562988 0.164062 0.075195
0 0.536458 0.502441 0.148438 0.071289
0 0.550781 0.445312 0.132812 0.064453
0 0.567057 0.381348 0.131510 0.047852
0 0.557292 0.329102 0.117188 0.058594
0 0.548828 0.275879 0.123698 0.059570
0 0.533203 0.226562 0.126302 0.058594
0 0.518229 0.175293 0.132812 0.057617
0 0.509115 0.128418 0.111979 0.038086
0 0.501302 0.083008 0.109375 0.041016
1 0.515625 0.426758 0.281250 0.791016
