0 0.548330 0.675293 0.130053 0.047852
0 0.567663 0.629395 0.123023 0.043945
0 0.565905 0.580078 0.105448 0.037109
0 0.554482 0.536133 0.114236 0.037109
0 0.530756 0.497559 0.105448 0.040039
0 0.511424 0.457031 0.091388 0.037109
0 0.502636 0.420898 0.084359 0.027344
0 0.500000 0.388184 0.086116 0.030273
0 0.498243 0.354980 0.075571 0.032227
0 0.499121 0.322266 0.070299 0.025391
0 0.500000 0.293457 0.068541 0.024414
0 0.509666 0.263184 0.063269 0.028320
0 0.506151 0.233887 0.056239 0.026367
1 0.506151 0.443359 0.288225 0.683594
0 0.518453 0.726562 0.130053 0.054688
0 0.514938 0.200195 0.059754 0.029297
0 0.523726 0.164062 0.049209 0.027344
