0 0.445534 0.749023 0.176471 0.050781
0 0.477124 0.702148 0.174292 0.056641
0 0.516340 0.661133 0.178649 0.058594
0 0.552288 0.618652 0.159041 0.049805
0 0.566449 0.579590 0.143791 0.038086
0 0.567538 0.543945 0.145969 0.031250
0 0.572985 0.509766 0.126362 0.033203
0 0.562092 0.478516 0.122004 0.031250
0 0.554466 0.445801 0.119826 0.032227
0 0.539216 0.418457 0.111111 0.032227
0 0.530501 0.386719 0.111111 0.033203
0 0.522876 0.355957 0.095861 0.028320
0 0.526144 0.324219 0.106754 0.031250
0 0.531590 0.293945 0.091503 0.025391
0 0.533769 0.264648 0.087146 0.027344
0 0.531590 0.235840 0.087146 0.024414
1 0.474946 0.500000 0.361656 0.609375
