0 0.471678 0.741211 0.132898 0.033203
0 0.486928 0.702148 0.145969 0.046875
0 0.515251 0.661133 0.132898 0.050781
0 0.559913 0.620605 0.130719 0.049805
0 0.588235 0.582031 0.117647 0.041016
0 0.598039 0.543945 0.111111 0.033203
0 0.579521 0.508301 0.117647 0.038086
0 0.563181 0.476074 0.111111 0.036133
0 0.535948 0.445801 0.104575 0.036133
0 0.517429 0.417969 0.106754 0.035156
0 0.495643 0.390625 0.098039 0.033203
0 0.478214 0.362305 0.084967 0.023438
0 0.482571 0.332520 0.080610 0.024414
0 0.495643 0.306152 0.093682 0.030273
0 0.514161 0.280273 0.091503 0.029297
0 0.531590 0.254883 0.091503 0.023438
1 0.529412 0.495117 0.322440 0.556641
