0 0.498236 0.743652 0.125220 0.043945
0 0.477072 0.704590 0.121693 0.049805
0 0.453263 0.661621 0.112875 0.041992
0 0.443563 0.624023 0.097002 0.029297
0 0.452381 0.583984 0.104056 0.033203
0 0.460317 0.548828 0.102293 0.033203
0 0.472663 0.513672 0.102293 0.035156
0 0.481481 0.481934 0.095238 0.034180
0 0.492063 0.450684 0.077601 0.032227
0 0.499118 0.417969 0.081129 0.029297
0 0.496473 0.386719 0.075838 0.029297
0 0.486772 0.358887 0.081129 0.030273
0 0.477072 0.330078 0.072310 0.027344
0 0.470899 0.301270 0.063492 0.028320
0 0.470018 0.271973 0.072310 0.024414
1 0.477954 0.509766 0.208113 0.550781
