0 0.477024 0.789551 0.175055 0.053711
0 0.442013 0.745605 0.166302 0.051758
0 0.423414 0.703613 0.159737 0.038086
0 0.417943 0.663574 0.166302 0.040039
0 0.442013 0.629395 0.166302 0.045898
0 0.482495 0.592285 0.159737 0.045898
0 0.513129 0.557617 0.150985 0.042969
0 0.528446 0.520508 0.120350 0.031250
0 0.532823 0.484375 0.120350 0.035156
0 0.524070 0.450684 0.129103 0.034180
0 0.500000 0.418457 0.129103 0.040039
0 0.472648 0.387695 0.113786 0.037109
0 0.456236 0.356934 0.107221 0.032227
0 0.455142 0.323730 0.100656 0.026367
0 0.457330 0.291016 0.113786 0.035156
0 0.466083 0.257324 0.126915 0.034180
1 0.485777 0.516602 0.481400 0.642578
