0 0.488475 0.647949 0.122340 0.040039
0 0.470745 0.606934 0.093972 0.028320
0 0.472518 0.567871 0.093972 0.032227
0 0.480496 0.531250 0.092199 0.035156
0 0.497340 0.499512 0.093972 0.032227
0 0.521277 0.468262 0.088652 0.034180
0 0.538121 0.437500 0.079787 0.029297
0 0.546099 0.411133 0.067376 0.017578
0 0.545213 0.383789 0.072695 0.021484
0 0.507092 0.311523 0.067376 0.027344
0 0.523936 0.335449 0.065603 0.028320
0 0.539007 0.359375 0.063830 0.023438
0 0.495567 0.288086 0.054965 0.019531
0 0.482270 0.263672 0.053191 0.019531
0 0.473404 0.242676 0.046099 0.014648
0 0.474291 0.220703 0.051418 0.013672
1 0.523050 0.450195 0.244681 0.501953
