0 0.510029 0.583984 0.108883 0.023438
0 0.514327 0.553223 0.123209 0.024414
0 0.510029 0.525391 0.120344 0.023438
0 0.492837 0.499512 0.120344 0.024414
0 0.482808 0.475098 0.117479 0.028320
0 0.467049 0.451172 0.108883 0.023438
0 0.462751 0.424316 0.123209 0.022461
0 0.477077 0.405273 0.111748 0.027344
0 0.528653 0.365234 0.106017 0.027344
0 0.498567 0.384766 0.114613 0.027344
0 0.560172 0.347168 0.100287 0.024414
0 0.570201 0.328125 0.085960 0.017578
0 0.564470 0.310059 0.080229 0.016602
0 0.551576 0.293457 0.088825 0.022461
0 0.531519 0.276855 0.100287 0.024414
0 0.510029 0.260254 0.085960 0.018555
1 0.515759 0.427734 0.246418 0.367188
