0 0.527473 0.383189 0.071429 0.022250
0 0.515110 0.365884 0.068681 0.019778
0 0.501374 0.347960 0.068681 0.021014
0 0.493132 0.330655 0.057692 0.013597
0 0.493132 0.313968 0.057692 0.014833
0 0.501374 0.300371 0.063187 0.017305
0 0.510989 0.284920 0.054945 0.018541
0 0.523352 0.271323 0.052198 0.016069
0 0.531593 0.258962 0.046703 0.013597
0 0.534341 0.247219 0.046703 0.012361
0 0.537088 0.234858 0.035714 0.012361
0 0.538462 0.223115 0.038462 0.008653
0 0.541209 0.211372 0.038462 0.009889
0 0.539835 0.199629 0.041209 0.008653
0 0.542582 0.186032 0.041209 0.011125
1 0.526099 0.286156 0.140110 0.250927
