0 0.524138 0.668000 0.110345 0.048000
0 0.527586 0.618000 0.124138 0.044000
0 0.534483 0.572000 0.110345 0.040000
0 0.529310 0.532000 0.106897 0.032000
0 0.524138 0.500000 0.096552 0.032000
0 0.517241 0.465000 0.096552 0.030000
0 0.513793 0.430000 0.096552 0.036000
0 0.527586 0.388000 0.089655 0.040000
0 0.551724 0.359000 0.096552 0.050000
0 0.591379 0.333000 0.100000 0.046000
0 0.622414 0.304000 0.079310 0.036000
0 0.636207 0.276000 0.072414 0.032000
0 0.634483 0.244000 0.075862 0.028000
0 0.618966 0.221000 0.072414 0.034000
0 0.596552 0.199000 0.075862 0.034000
1 0.558621 0.428000 0.262069 0.568000
