0 0.553619 0.606445 0.142091 0.041016
0 0.584450 0.574707 0.134048 0.034180
0 0.599196 0.544434 0.109920 0.022461
0 0.595174 0.514160 0.128686 0.030273
0 0.575067 0.487793 0.131367 0.032227
0 0.550938 0.461914 0.115282 0.029297
0 0.541555 0.437012 0.117962 0.028320
0 0.526810 0.412598 0.104558 0.018555
0 0.530831 0.389160 0.101877 0.022461
0 0.542895 0.369629 0.093834 0.020508
0 0.553619 0.348633 0.093834 0.021484
0 0.554960 0.328613 0.085791 0.020508
0 0.564343 0.308594 0.088472 0.017578
0 0.565684 0.288574 0.080429 0.016602
1 0.552279 0.468750 0.380697 0.445312
