0 0.505814 0.755837 0.076744 0.048638
0 0.490698 0.714981 0.074419 0.040856
0 0.475581 0.677043 0.062791 0.038911
0 0.469767 0.641051 0.060465 0.029183
0 0.468605 0.606031 0.067442 0.033074
0 0.472093 0.572957 0.060465 0.033074
0 0.477907 0.542802 0.062791 0.031128
0 0.483721 0.514591 0.060465 0.029183
0 0.487209 0.486381 0.053488 0.023346
0 0.489535 0.459144 0.048837 0.027237
0 0.489535 0.430934 0.048837 0.025292
0 0.487209 0.404669 0.048837 0.023346
0 0.484884 0.379377 0.048837 0.027237
0 0.482558 0.352140 0.048837 0.023346
