0 0.473529 0.676270 0.123529 0.036133
0 0.471569 0.635254 0.123529 0.040039
0 0.499020 0.596191 0.127451 0.043945
0 0.533333 0.562500 0.125490 0.048828
0 0.564706 0.526855 0.109804 0.038086
0 0.580392 0.496582 0.094118 0.028320
0 0.580392 0.460449 0.094118 0.034180
0 0.562745 0.437500 0.090196 0.033203
0 0.528431 0.416992 0.076471 0.031250
0 0.492157 0.398926 0.082353 0.038086
0 0.469608 0.375977 0.068627 0.031250
0 0.452941 0.351562 0.070588 0.025391
0 0.443137 0.324707 0.082353 0.024414
0 0.455882 0.303711 0.088235 0.027344
1 0.511765 0.495117 0.325490 0.443359
