0 0.489971 0.583984 0.108883 0.023438
0 0.485673 0.553223 0.123209 0.024414
0 0.489971 0.525391 0.120344 0.023438
0 0.507163 0.499512 0.120344 0.024414
0 0.517192 0.475098 0.117479 0.028320
0 0.532951 0.451172 0.108883 0.023438
0 0.537249 0.424316 0.123209 0.022461
0 0.522923 0.405273 0.111748 0.027344
0 0.471347 0.365234 0.106017 0.027344
0 0.501433 0.384766 0.114613 0.027344
0 0.439828 0.347168 0.100287 0.024414
0 0.429799 0.328125 0.085960 0.017578
0 0.435530 0.310059 0.080229 0.016602
0 0.448424 0.293457 0.088825 0.022461
0 0.468481 0.276855 0.100287 0.024414
0 0.489971 0.260254 0.085960 0.018555
1 0.484241 0.427734 0.246418 0.367188
