0 0.529821 0.768555 0.121272 0.035156
0 0.536779 0.728516 0.135189 0.035156
0 0.551690 0.689453 0.109344 0.035156
0 0.551690 0.647461 0.113320 0.029297
0 0.547714 0.613281 0.109344 0.035156
0 0.534791 0.577148 0.107356 0.035156
0 0.528827 0.541504 0.107356 0.032227
0 0.538767 0.510742 0.103380 0.037109
0 0.559642 0.482910 0.101392 0.038086
0 0.585487 0.457031 0.101392 0.037109
0 0.613320 0.427734 0.105368 0.033203
0 0.625249 0.404785 0.081511 0.022461
0 0.616302 0.376953 0.091451 0.029297
0 0.599404 0.354980 0.085487 0.030273
0 0.578529 0.336914 0.083499 0.033203
0 0.551690 0.314941 0.089463 0.034180
1 0.556660 0.546875 0.290258 0.542969
