0 0.556322 0.745605 0.165517 0.036133
0 0.520690 0.703613 0.154023 0.053711
0 0.490805 0.667969 0.131034 0.042969
0 0.466667 0.626465 0.133333 0.040039
0 0.462069 0.590332 0.124138 0.026367
0 0.465517 0.557129 0.135632 0.034180
0 0.475862 0.526367 0.124138 0.033203
0 0.498851 0.497559 0.137931 0.036133
0 0.512644 0.472168 0.124138 0.036133
0 0.531034 0.443359 0.119540 0.029297
0 0.525287 0.416016 0.103448 0.019531
0 0.516092 0.389160 0.103448 0.026367
0 0.503448 0.366699 0.101149 0.026367
0 0.491954 0.344238 0.096552 0.022461
0 0.493103 0.320801 0.094253 0.020508
0 0.494253 0.295898 0.091954 0.021484
1 0.526437 0.515625 0.501149 0.535156
