0 0.488235 0.604004 0.167059 0.047852
0 0.518824 0.561035 0.157647 0.045898
0 0.535294 0.520508 0.162353 0.042969
0 0.554118 0.482422 0.152941 0.044922
0 0.578824 0.448242 0.141176 0.033203
0 0.582353 0.413574 0.124706 0.028320
0 0.570588 0.382812 0.120000 0.031250
0 0.557647 0.353516 0.117647 0.029297
0 0.544706 0.324219 0.120000 0.029297
0 0.525882 0.296875 0.115294 0.031250
0 0.510588 0.267090 0.112941 0.032227
0 0.501176 0.236328 0.094118 0.021484
0 0.512941 0.214844 0.094118 0.025391
1 0.548235 0.425781 0.254118 0.468750
