0 0.467014 0.645020 0.107639 0.041992
0 0.469618 0.605469 0.105903 0.029297
0 0.460069 0.566406 0.107639 0.039062
0 0.439236 0.530273 0.097222 0.041016
0 0.417535 0.484863 0.105903 0.041992
0 0.397569 0.447754 0.090278 0.034180
0 0.391493 0.413086 0.085069 0.027344
0 0.388889 0.381836 0.079861 0.031250
0 0.395833 0.350586 0.079861 0.033203
0 0.411458 0.323730 0.079861 0.036133
0 0.441840 0.294434 0.071181 0.032227
0 0.460938 0.267090 0.071181 0.028320
0 0.477431 0.242188 0.065972 0.027344
0 0.488715 0.219238 0.064236 0.020508
1 0.447917 0.430664 0.263889 0.513672
