0 0.483871 0.718262 0.144213 0.051758
0 0.452562 0.677246 0.142315 0.049805
0 0.435484 0.635254 0.123340 0.038086
0 0.434535 0.597168 0.125237 0.034180
0 0.452562 0.558105 0.119545 0.047852
0 0.486717 0.525391 0.119545 0.044922
0 0.511385 0.490723 0.111954 0.043945
0 0.527514 0.456055 0.094877 0.031250
0 0.529412 0.423340 0.087287 0.026367
0 0.519924 0.392578 0.094877 0.035156
0 0.500000 0.359863 0.096774 0.036133
0 0.483871 0.331055 0.102467 0.035156
0 0.466793 0.296875 0.079696 0.025391
0 0.461101 0.268555 0.075901 0.023438
1 0.491461 0.499023 0.345351 0.525391
