0 0.437901 0.697754 0.147752 0.032227
0 0.413276 0.663574 0.145610 0.040039
0 0.400428 0.623047 0.124197 0.033203
0 0.402570 0.586914 0.137045 0.025391
0 0.400428 0.556641 0.128480 0.025391
0 0.410064 0.525391 0.117773 0.029297
0 0.415418 0.493652 0.102784 0.030273
0 0.417559 0.462402 0.102784 0.024414
0 0.417559 0.435547 0.089936 0.025391
0 0.414347 0.409180 0.092077 0.027344
0 0.412206 0.383301 0.083512 0.024414
0 0.404711 0.357422 0.085653 0.025391
0 0.399358 0.328613 0.083512 0.026367
0 0.397216 0.303223 0.079229 0.020508
1 0.417559 0.505859 0.406852 0.519531
