0 0.486509 0.624023 0.139966 0.062500
0 0.456155 0.575684 0.119730 0.045898
0 0.454469 0.533203 0.106239 0.037109
0 0.460371 0.489258 0.101180 0.039062
0 0.473862 0.445312 0.107926 0.042969
0 0.488196 0.400879 0.102867 0.043945
0 0.494941 0.357910 0.099494 0.038086
0 0.493255 0.316895 0.082631 0.036133
0 0.491568 0.276367 0.082631 0.035156
0 0.489039 0.237793 0.087690 0.038086
0 0.481450 0.201660 0.072513 0.034180
0 0.477234 0.165527 0.077572 0.030273
0 0.477234 0.133789 0.080944 0.033203
0 0.469646 0.103027 0.075885 0.028320
0 0.463744 0.073242 0.074199 0.033203
1 0.485666 0.355469 0.215852 0.656250
