0 0.436343 0.717773 0.145833 0.048828
0 0.462963 0.675781 0.148148 0.044922
0 0.489583 0.641602 0.141204 0.041016
0 0.506944 0.605957 0.134259 0.036133
0 0.512731 0.571777 0.131944 0.026367
0 0.508102 0.540039 0.122685 0.031250
0 0.493056 0.512695 0.115741 0.031250
0 0.480324 0.485352 0.122685 0.033203
0 0.467593 0.457031 0.101852 0.023438
0 0.467593 0.429688 0.097222 0.023438
0 0.469907 0.404297 0.101852 0.025391
0 0.468750 0.378906 0.090278 0.023438
0 0.474537 0.351562 0.087963 0.023438
0 0.479167 0.326172 0.087963 0.021484
0 0.479167 0.305176 0.087963 0.020508
1 0.460648 0.516602 0.365741 0.498047
