0 0.500260 0.857870 0.053646 0.067593
0 0.495833 0.781019 0.052083 0.062037
0 0.499219 0.706944 0.055729 0.067593
0 0.507031 0.640278 0.056771 0.071296
0 0.518490 0.578704 0.052604 0.068519
0 0.527344 0.527778 0.050521 0.066667
0 0.536458 0.478241 0.046875 0.058333
0 0.540625 0.424074 0.040625 0.040741
0 0.537240 0.378704 0.038021 0.044444
0 0.532552 0.333796 0.038021 0.047222
0 0.526563 0.290741 0.037500 0.048148
0 0.520573 0.249074 0.035937 0.048148
0 0.516667 0.206481 0.034375 0.042593
0 0.513021 0.167130 0.035417 0.036111
1 0.506771 0.527778 0.082292 0.774074
