0 0.464623 0.623047 0.127358 0.033203
0 0.450472 0.583496 0.122642 0.038086
0 0.443396 0.546875 0.117925 0.029297
0 0.437500 0.514160 0.120283 0.024414
0 0.451651 0.485352 0.115566 0.029297
0 0.463443 0.457031 0.120283 0.029297
0 0.471698 0.429688 0.117925 0.027344
0 0.485849 0.406250 0.108491 0.027344
0 0.496462 0.377930 0.096698 0.021484
0 0.491745 0.354492 0.087264 0.023438
0 0.483491 0.329590 0.094340 0.024414
0 0.481132 0.305176 0.094340 0.026367
0 0.468160 0.274902 0.077830 0.022461
0 0.464623 0.252441 0.089623 0.020508
0 0.469340 0.229004 0.089623 0.020508
