0 0.494186 0.755837 0.076744 0.048638
0 0.509302 0.714981 0.074419 0.040856
0 0.524419 0.677043 0.062791 0.038911
0 0.530233 0.641051 0.060465 0.029183
0 0.531395 0.606031 0.067442 0.033074
0 0.527907 0.572957 0.060465 0.033074
0 0.522093 0.542802 0.062791 0.031128
0 0.516279 0.514591 0.060465 0.029183
0 0.512791 0.486381 0.053488 0.023346
0 0.510465 0.459144 0.048837 0.027237
0 0.510465 0.430934 0.048837 0.025292
0 0.512791 0.404669 0.048837 0.023346
0 0.515116 0.379377 0.048837 0.027237
0 0.517442 0.352140 0.048837 0.023346
