0 0.542334 0.620605 0.146453 0.055664
0 0.588101 0.578613 0.141876 0.051758
0 0.631579 0.539062 0.141876 0.052734
0 0.671625 0.500488 0.116705 0.040039
0 0.684211 0.461426 0.109840 0.032227
0 0.676201 0.425781 0.125858 0.035156
0 0.659039 0.392090 0.114416 0.038086
0 0.627002 0.361816 0.114416 0.038086
0 0.599542 0.334961 0.109840 0.037109
0 0.573227 0.306641 0.102975 0.031250
0 0.562929 0.280273 0.105263 0.029297
0 0.557208 0.251465 0.098398 0.028320
0 0.558352 0.221680 0.096110 0.025391
0 0.570938 0.196777 0.098398 0.026367
1 0.592677 0.424805 0.393593 0.521484
