0 0.562500 0.755371 0.145833 0.032227
0 0.557292 0.708984 0.145833 0.033203
0 0.536458 0.666992 0.135417 0.033203
0 0.519531 0.631836 0.153646 0.037109
0 0.509115 0.593262 0.153646 0.032227
0 0.503906 0.555176 0.138021 0.030273
0 0.511719 0.520996 0.122396 0.026367
0 0.522135 0.487793 0.132812 0.026367
0 0.526042 0.458008 0.114583 0.025391
0 0.532552 0.424316 0.091146 0.024414
0 0.544271 0.391602 0.098958 0.021484
0 0.552083 0.361328 0.098958 0.025391
0 0.550781 0.331055 0.106771 0.023438
0 0.542969 0.304688 0.106771 0.019531
1 0.539062 0.540039 0.338542 0.529297
