0 0.533030 0.713379 0.127563 0.034180
0 0.536446 0.671387 0.134396 0.034180
0 0.533030 0.632812 0.127563 0.031250
0 0.533030 0.594727 0.127563 0.031250
0 0.521640 0.558594 0.136674 0.033203
0 0.510251 0.527344 0.127563 0.031250
0 0.497722 0.494141 0.116173 0.029297
0 0.481777 0.464355 0.102506 0.020508
0 0.487472 0.438477 0.109339 0.025391
0 0.501139 0.405273 0.104784 0.021484
0 0.519362 0.375000 0.104784 0.021484
0 0.530752 0.349609 0.104784 0.019531
0 0.534169 0.327637 0.097950 0.020508
0 0.536446 0.308105 0.102506 0.018555
