0 0.455847 0.724609 0.157518 0.044922
0 0.416468 0.687012 0.150358 0.055664
0 0.365155 0.651855 0.147971 0.045898
0 0.344869 0.614746 0.136038 0.030273
0 0.348449 0.574707 0.143198 0.043945
0 0.380668 0.541992 0.145585 0.044922
0 0.416468 0.508789 0.126492 0.042969
0 0.445107 0.476562 0.107399 0.031250
0 0.460621 0.445312 0.109785 0.033203
0 0.468974 0.413574 0.102625 0.026367
0 0.470167 0.384766 0.095465 0.031250
0 0.461814 0.354004 0.088305 0.026367
0 0.454654 0.325684 0.088305 0.026367
0 0.458234 0.297363 0.090692 0.026367
0 0.454654 0.270508 0.083532 0.021484
1 0.431981 0.495117 0.377088 0.505859
