0 0.448780 0.668457 0.160976 0.038086
0 0.437805 0.628906 0.139024 0.031250
0 0.457317 0.590820 0.139024 0.035156
0 0.482927 0.558594 0.136585 0.033203
0 0.514634 0.524414 0.126829 0.031250
0 0.525610 0.490723 0.104878 0.026367
0 0.529268 0.457520 0.092683 0.022461
0 0.515854 0.428223 0.095122 0.024414
0 0.506098 0.399414 0.095122 0.023438
0 0.496341 0.369629 0.080488 0.022461
0 0.490244 0.343262 0.073171 0.022461
0 0.485366 0.321289 0.063415 0.019531
0 0.484146 0.291992 0.060976 0.021484
0 0.490244 0.269043 0.073171 0.014648
0 0.485366 0.245605 0.082927 0.016602
1 0.495122 0.467773 0.317073 0.521484
