0 0.513491 0.624023 0.139966 0.062500
0 0.543845 0.575684 0.119730 0.045898
0 0.545531 0.533203 0.106239 0.037109
0 0.539629 0.489258 0.101180 0.039062
0 0.526138 0.445312 0.107926 0.042969
0 0.511804 0.400879 0.102867 0.043945
0 0.505059 0.357910 0.099494 0.038086
0 0.506745 0.316895 0.082631 0.036133
0 0.508432 0.276367 0.082631 0.035156
0 0.510961 0.237793 0.087690 0.038086
0 0.518550 0.201660 0.072513 0.034180
0 0.522766 0.165527 0.077572 0.030273
0 0.522766 0.133789 0.080944 0.033203
0 0.530354 0.103027 0.075885 0.028320
0 0.536256 0.073242 0.074199 0.033203
1 0.514334 0.355469 0.215852 0.656250
