0 0.467517 0.768555 0.146172 0.041016
0 0.451276 0.728027 0.136891 0.038086
0 0.439675 0.688477 0.141531 0.037109
0 0.450116 0.649902 0.153132 0.040039
0 0.475638 0.609863 0.134571 0.040039
0 0.489559 0.572754 0.111369 0.034180
0 0.490719 0.539551 0.113689 0.026367
0 0.490719 0.508301 0.104408 0.028320
0 0.482599 0.478516 0.102088 0.025391
0 0.481439 0.451660 0.095128 0.026367
0 0.475638 0.422363 0.097448 0.024414
0 0.470998 0.397461 0.092807 0.023438
0 0.461717 0.370605 0.092807 0.024414
0 0.454756 0.346680 0.088167 0.023438
0 0.452436 0.324219 0.088167 0.017578
0 0.453596 0.304199 0.090487 0.016602
1 0.461717 0.541016 0.255220 0.519531
