0 0.470888 0.633301 0.082969 0.041992
0 0.487627 0.594238 0.078603 0.038086
0 0.499272 0.558594 0.064047 0.031250
0 0.497817 0.521973 0.066958 0.030273
0 0.494178 0.490234 0.071325 0.031250
0 0.484716 0.461426 0.072780 0.032227
0 0.474527 0.431641 0.064047 0.029297
0 0.465066 0.404297 0.053857 0.023438
0 0.461426 0.379883 0.052402 0.021484
0 0.460699 0.356934 0.053857 0.024414
0 0.469432 0.333008 0.053857 0.025391
0 0.480349 0.311035 0.055313 0.024414
0 0.491994 0.288574 0.055313 0.026367
0 0.500728 0.268066 0.049491 0.020508
0 0.502911 0.248535 0.050946 0.018555
0 0.500728 0.228027 0.052402 0.020508
1 0.480349 0.429688 0.177584 0.480469
