0 0.480992 0.774902 0.142149 0.063477
0 0.502479 0.725586 0.132231 0.054688
0 0.519008 0.677246 0.132231 0.045898
0 0.519008 0.629883 0.132231 0.042969
0 0.501653 0.576660 0.123967 0.053711
0 0.488430 0.535156 0.110744 0.044922
0 0.476033 0.494629 0.105785 0.040039
0 0.476033 0.455078 0.085950 0.035156
0 0.475207 0.418945 0.087603 0.029297
0 0.480992 0.381836 0.089256 0.035156
0 0.489256 0.348633 0.085950 0.035156
0 0.490909 0.314453 0.089256 0.035156
0 0.501653 0.284668 0.080992 0.030273
0 0.507438 0.257812 0.079339 0.025391
0 0.507438 0.228516 0.085950 0.023438
1 0.484298 0.495117 0.271074 0.626953
