0 0.550343 0.759766 0.144165 0.037109
0 0.562929 0.720215 0.160183 0.038086
0 0.562929 0.675781 0.164760 0.039062
0 0.550343 0.636719 0.162471 0.037109
0 0.538902 0.600586 0.148741 0.037109
0 0.520595 0.567871 0.139588 0.036133
0 0.503432 0.536133 0.128146 0.035156
0 0.485126 0.503906 0.123570 0.035156
0 0.475973 0.472168 0.109840 0.028320
0 0.474828 0.443848 0.098398 0.022461
0 0.481693 0.416504 0.112128 0.030273
0 0.487414 0.388184 0.105263 0.028320
0 0.495423 0.361328 0.098398 0.029297
0 0.516018 0.333984 0.102975 0.017578
0 0.520595 0.304688 0.098398 0.023438
1 0.530892 0.532227 0.352403 0.537109
