0 0.441038 0.749023 0.122642 0.037109
0 0.426887 0.705078 0.117925 0.033203
0 0.424528 0.660645 0.117925 0.030273
0 0.441038 0.620605 0.113208 0.038086
0 0.477594 0.583984 0.110849 0.037109
0 0.515330 0.554688 0.110849 0.035156
0 0.544811 0.523438 0.108491 0.033203
0 0.557783 0.489258 0.077830 0.023438
0 0.551887 0.458496 0.084906 0.022461
0 0.534198 0.432617 0.101415 0.033203
0 0.502358 0.407227 0.089623 0.027344
0 0.477594 0.382812 0.087264 0.027344
0 0.461085 0.356445 0.087264 0.025391
0 0.451651 0.331055 0.073113 0.017578
1 0.478774 0.554688 0.334906 0.527344
