0 0.538571 0.562988 0.151429 0.038086
0 0.495714 0.531738 0.128571 0.034180
0 0.467143 0.503906 0.117143 0.027344
0 0.474286 0.476074 0.120000 0.026367
0 0.494286 0.447754 0.120000 0.030273
0 0.524286 0.423828 0.122857 0.033203
0 0.554286 0.401367 0.114286 0.027344
0 0.570000 0.379395 0.105714 0.018555
0 0.568571 0.357422 0.097143 0.019531
0 0.560000 0.337402 0.097143 0.022461
0 0.551429 0.317871 0.091429 0.020508
0 0.541429 0.296875 0.088571 0.019531
0 0.535714 0.277832 0.077143 0.016602
0 0.531429 0.260254 0.080000 0.016602
1 0.540000 0.407227 0.348571 0.373047
