0 0.528322 0.741211 0.132898 0.033203
0 0.513072 0.702148 0.145969 0.046875
0 0.484749 0.661133 0.132898 0.050781
0 0.440087 0.620605 0.130719 0.049805
0 0.411765 0.582031 0.117647 0.041016
0 0.401961 0.543945 0.111111 0.033203
0 0.420479 0.508301 0.117647 0.038086
0 0.436819 0.476074 0.111111 0.036133
0 0.464052 0.445801 0.104575 0.036133
0 0.482571 0.417969 0.106754 0.035156
0 0.504357 0.390625 0.098039 0.033203
0 0.521786 0.362305 0.084967 0.023438
0 0.517429 0.332520 0.080610 0.024414
0 0.504357 0.306152 0.093682 0.030273
0 0.485839 0.280273 0.091503 0.029297
0 0.468410 0.254883 0.091503 0.023438
1 0.470588 0.495117 0.322440 0.556641
