0 0.506645 0.700684 0.122924 0.051758
0 0.498339 0.648926 0.116279 0.041992
0 0.509136 0.604004 0.124585 0.047852
0 0.539037 0.561035 0.131229 0.053711
0 0.563953 0.519531 0.124585 0.054688
0 0.593854 0.480469 0.088040 0.035156
0 0.601329 0.438477 0.096346 0.041016
0 0.578904 0.407715 0.098007 0.043945
0 0.555648 0.379883 0.098007 0.044922
0 0.522425 0.351074 0.094684 0.045898
0 0.499169 0.321777 0.078073 0.038086
0 0.481728 0.291992 0.083056 0.035156
0 0.478405 0.263672 0.076412 0.021484
0 0.490033 0.234863 0.086379 0.032227
1 0.526578 0.471680 0.215947 0.541016
