0 0.461429 0.562988 0.151429 0.038086
0 0.504286 0.531738 0.128571 0.034180
0 0.532857 0.503906 0.117143 0.027344
0 0.525714 0.476074 0.120000 0.026367
0 0.505714 0.447754 0.120000 0.030273
0 0.475714 0.423828 0.122857 0.033203
0 0.445714 0.401367 0.114286 0.027344
0 0.430000 0.379395 0.105714 0.018555
0 0.431429 0.357422 0.097143 0.019531
0 0.440000 0.337402 0.097143 0.022461
0 0.448571 0.317871 0.091429 0.020508
0 0.458571 0.296875 0.088571 0.019531
0 0.464286 0.277832 0.077143 0.016602
0 0.468571 0.260254 0.080000 0.016602
1 0.460000 0.407227 0.348571 0.373047
