0 0.455185 0.777832 0.151142 0.059570
0 0.432337 0.727539 0.140598 0.042969
0 0.434095 0.678223 0.133568 0.036133
0 0.447276 0.635742 0.138840 0.046875
0 0.471880 0.596191 0.128295 0.047852
0 0.500879 0.561035 0.112478 0.047852
0 0.527241 0.527832 0.108963 0.047852
0 0.547452 0.497070 0.096661 0.041016
0 0.567663 0.462891 0.084359 0.031250
0 0.570299 0.432129 0.072056 0.026367
0 0.564148 0.399414 0.084359 0.029297
0 0.549209 0.372559 0.075571 0.030273
0 0.530756 0.342773 0.070299 0.031250
0 0.522847 0.312012 0.075571 0.026367
0 0.521090 0.286133 0.086116 0.023438
0 0.521090 0.262207 0.096661 0.020508
1 0.525483 0.518555 0.333919 0.619141
