0 0.532986 0.645020 0.107639 0.041992
0 0.530382 0.605469 0.105903 0.029297
0 0.539931 0.566406 0.107639 0.039062
0 0.560764 0.530273 0.097222 0.041016
0 0.582465 0.484863 0.105903 0.041992
0 0.602431 0.447754 0.090278 0.034180
0 0.608507 0.413086 0.085069 0.027344
0 0.611111 0.381836 0.079861 0.031250
0 0.604167 0.350586 0.079861 0.033203
0 0.588542 0.323730 0.079861 0.036133
0 0.558160 0.294434 0.071181 0.032227
0 0.539062 0.267090 0.071181 0.028320
0 0.522569 0.242188 0.065972 0.027344
0 0.511285 0.219238 0.064236 0.020508
1 0.552083 0.430664 0.263889 0.513672
