0 0.526471 0.676270 0.123529 0.036133
0 0.528431 0.635254 0.123529 0.040039
0 0.500980 0.596191 0.127451 0.043945
0 0.466667 0.562500 0.125490 0.048828
0 0.435294 0.526855 0.109804 0.038086
0 0.419608 0.496582 0.094118 0.028320
0 0.419608 0.460449 0.094118 0.034180
0 0.437255 0.437500 0.090196 0.033203
0 0.471569 0.416992 0.076471 0.031250
0 0.507843 0.398926 0.082353 0.038086
0 0.530392 0.375977 0.068627 0.031250
0 0.547059 0.351562 0.070588 0.025391
0 0.556863 0.324707 0.082353 0.024414
0 0.544118 0.303711 0.088235 0.027344
1 0.488235 0.495117 0.325490 0.443359
