0 0.529112 0.633301 0.082969 0.041992
0 0.512373 0.594238 0.078603 0.038086
0 0.500728 0.558594 0.064047 0.031250
0 0.502183 0.521973 0.066958 0.030273
0 0.505822 0.490234 0.071325 0.031250
0 0.515284 0.461426 0.072780 0.032227
0 0.525473 0.431641 0.064047 0.029297
0 0.534934 0.404297 0.053857 0.023438
0 0.538574 0.379883 0.052402 0.021484
0 0.539301 0.356934 0.053857 0.024414
0 0.530568 0.333008 0.053857 0.025391
0 0.519651 0.311035 0.055313 0.024414
0 0.508006 0.288574 0.055313 0.026367
0 0.499272 0.268066 0.049491 0.020508
0 0.497089 0.248535 0.050946 0.018555
0 0.499272 0.228027 0.052402 0.020508
1 0.519651 0.429688 0.177584 0.480469
