0 0.554825 0.674805 0.131579 0.039062
0 0.527412 0.644043 0.125000 0.045898
0 0.495614 0.609863 0.122807 0.043945
0 0.479167 0.577148 0.103070 0.033203
0 0.469298 0.547363 0.096491 0.028320
0 0.468202 0.518555 0.094298 0.023438
0 0.478070 0.491211 0.100877 0.023438
0 0.482456 0.467773 0.100877 0.025391
0 0.492325 0.442383 0.089912 0.021484
0 0.508772 0.418945 0.087719 0.023438
0 0.516447 0.395020 0.081140 0.022461
0 0.515351 0.368652 0.078947 0.022461
0 0.508772 0.344727 0.078947 0.021484
0 0.508772 0.320801 0.074561 0.022461
0 0.513158 0.295410 0.078947 0.024414
0 0.517544 0.271484 0.078947 0.019531
1 0.532895 0.466797 0.337719 0.457031
