0 0.532483 0.768555 0.146172 0.041016
0 0.548724 0.728027 0.136891 0.038086
0 0.560325 0.688477 0.141531 0.037109
0 0.549884 0.649902 0.153132 0.040039
0 0.524362 0.609863 0.134571 0.040039
0 0.510441 0.572754 0.111369 0.034180
0 0.509281 0.539551 0.113689 0.026367
0 0.509281 0.508301 0.104408 0.028320
0 0.517401 0.478516 0.102088 0.025391
0 0.518561 0.451660 0.095128 0.026367
0 0.524362 0.422363 0.097448 0.024414
0 0.529002 0.397461 0.092807 0.023438
0 0.538283 0.370605 0.092807 0.024414
0 0.545244 0.346680 0.088167 0.023438
0 0.547564 0.324219 0.088167 0.017578
0 0.546404 0.304199 0.090487 0.016602
1 0.538283 0.541016 0.255220 0.519531
