0 0.554466 0.749023 0.176471 0.050781
0 0.522876 0.702148 0.174292 0.056641
0 0.483660 0.661133 0.178649 0.058594
0 0.447712 0.618652 0.159041 0.049805
0 0.433551 0.579590 0.143791 0.038086
0 0.432462 0.543945 0.145969 0.031250
0 0.427015 0.509766 0.126362 0.033203
0 0.437908 0.478516 0.122004 0.031250
0 0.445534 0.445801 0.119826 0.032227
0 0.460784 0.418457 0.111111 0.032227
0 0.469499 0.386719 0.111111 0.033203
0 0.477124 0.355957 0.095861 0.028320
0 0.473856 0.324219 0.106754 0.031250
0 0.468410 0.293945 0.091503 0.025391
0 0.466231 0.264648 0.087146 0.027344
0 0.468410 0.235840 0.087146 0.024414
1 0.525054 0.500000 0.361656 0.609375
