0 0.448037 0.704102 0.152425 0.035156
0 0.439954 0.660156 0.127021 0.039062
0 0.445727 0.616211 0.138568 0.029297
0 0.450346 0.580566 0.147806 0.040039
0 0.467667 0.543457 0.140878 0.038086
0 0.479215 0.508789 0.127021 0.031250
0 0.491917 0.473633 0.124711 0.044922
0 0.497691 0.434082 0.099307 0.030273
0 0.493072 0.397461 0.113164 0.037109
0 0.475751 0.368652 0.106236 0.030273
0 0.466513 0.344238 0.120092 0.032227
0 0.450346 0.319824 0.106236 0.032227
0 0.430716 0.294434 0.090069 0.020508
0 0.431871 0.270508 0.087760 0.023438
1 0.443418 0.487305 0.406467 0.513672
