0 0.489204 0.897949 0.187584 0.086914
0 0.460864 0.818848 0.192982 0.086914
0 0.446019 0.731934 0.168691 0.069336
0 0.458165 0.643555 0.176788 0.082031
0 0.481781 0.558594 0.183536 0.089844
0 0.506073 0.480469 0.159244 0.078125
0 0.515520 0.406738 0.161943 0.065430
0 0.518893 0.339355 0.152497 0.053711
0 0.524291 0.273926 0.136302 0.049805
0 0.520243 0.206543 0.122807 0.047852
0 0.524966 0.143555 0.113360 0.050781
0 0.514170 0.088867 0.110661 0.046875
0 0.513495 0.041504 0.106613 0.045898
1 0.466937 0.496094 0.345479 0.968750
