0 0.572917 0.629883 0.080729 0.040039
0 0.575846 0.584717 0.076172 0.037598
0 0.574870 0.542236 0.080729 0.038574
0 0.558919 0.498291 0.080078 0.036621
0 0.544596 0.461914 0.073568 0.038086
0 0.526042 0.432373 0.069010 0.039551
0 0.510417 0.402832 0.069010 0.036133
0 0.495768 0.375000 0.060547 0.033203
0 0.488281 0.343506 0.057292 0.022949
0 0.487956 0.314453 0.061849 0.030273
0 0.501302 0.289062 0.059896 0.034180
0 0.513672 0.264648 0.058594 0.032227
0 0.531576 0.242432 0.056641 0.033691
0 0.540365 0.217773 0.048177 0.027344
0 0.544271 0.193359 0.055990 0.029297
1 0.535807 0.410889 0.208333 0.505371
