0 0.511338 0.683594 0.133787 0.023438
0 0.520408 0.649902 0.142857 0.028320
0 0.513605 0.615234 0.142857 0.031250
0 0.515873 0.579102 0.133787 0.031250
0 0.512472 0.544922 0.113379 0.029297
0 0.507937 0.511230 0.113379 0.026367
0 0.505669 0.480957 0.104308 0.028320
0 0.507937 0.451172 0.099773 0.025391
0 0.513605 0.425293 0.092971 0.024414
0 0.519274 0.400391 0.099773 0.025391
0 0.522676 0.375000 0.097506 0.029297
0 0.540816 0.352539 0.102041 0.029297
0 0.564626 0.327148 0.090703 0.017578
0 0.571429 0.305176 0.077098 0.016602
0 0.575964 0.281738 0.090703 0.020508
0 0.569161 0.262207 0.099773 0.020508
1 0.523810 0.471680 0.272109 0.494141
