0 0.511601 0.649414 0.127610 0.037109
0 0.534803 0.608887 0.141531 0.047852
0 0.566125 0.567871 0.139211 0.049805
0 0.606729 0.529297 0.136891 0.046875
0 0.627610 0.492188 0.109049 0.033203
0 0.635731 0.455078 0.120650 0.035156
0 0.620650 0.422363 0.113689 0.036133
0 0.597448 0.390625 0.109049 0.035156
0 0.566125 0.364258 0.106729 0.035156
0 0.535963 0.338379 0.106729 0.036133
0 0.511601 0.312500 0.104408 0.033203
0 0.498840 0.285156 0.092807 0.025391
0 0.490719 0.259277 0.085847 0.026367
0 0.505800 0.231934 0.092807 0.026367
0 0.516241 0.207031 0.095128 0.025391
1 0.584687 0.429688 0.357309 0.515625
