0 0.508844 0.841797 0.142689 0.076172
0 0.537146 0.771973 0.145047 0.075195
0 0.549528 0.693359 0.134434 0.070312
0 0.544222 0.613770 0.130896 0.065430
0 0.537736 0.537598 0.134434 0.073242
0 0.524175 0.467773 0.126179 0.070312
0 0.515920 0.400391 0.116745 0.056641
0 0.518868 0.337402 0.108491 0.051758
0 0.522406 0.276855 0.103774 0.047852
0 0.522406 0.217773 0.099057 0.054688
0 0.526533 0.158691 0.097877 0.049805
0 0.535967 0.110352 0.088443 0.041016
0 0.545401 0.067871 0.081368 0.041992
0 0.548939 0.025879 0.086085 0.036133
1 0.520047 0.442383 0.266509 0.869141
