0 0.488420 0.658936 0.063539 0.032715
0 0.494656 0.620117 0.065321 0.039062
0 0.497328 0.578857 0.065914 0.034668
0 0.493171 0.541504 0.063539 0.033203
0 0.488124 0.499023 0.064133 0.032227
0 0.485451 0.469238 0.059976 0.026367
0 0.486045 0.438232 0.064727 0.035645
0 0.500000 0.409180 0.071259 0.038086
0 0.515439 0.383057 0.054632 0.032715
0 0.532067 0.361084 0.055819 0.035645
0 0.544240 0.338135 0.048100 0.027832
0 0.554632 0.314209 0.040380 0.020996
0 0.554632 0.288086 0.048694 0.028320
0 0.545428 0.266602 0.042162 0.031250
0 0.525831 0.250732 0.050475 0.033691
0 0.505938 0.231445 0.051069 0.030273
1 0.521675 0.441406 0.156176 0.500000
