0 0.505219 0.653320 0.125261 0.041016
0 0.485386 0.610840 0.118998 0.041992
0 0.475992 0.574219 0.108559 0.029297
0 0.469729 0.538574 0.112735 0.032227
0 0.473904 0.504395 0.121086 0.032227
0 0.493737 0.472656 0.123173 0.041016
0 0.518789 0.445312 0.106472 0.035156
0 0.535491 0.415039 0.093946 0.025391
0 0.538622 0.386719 0.096033 0.025391
0 0.538622 0.357422 0.091858 0.027344
0 0.525052 0.331543 0.093946 0.028320
0 0.515658 0.302734 0.096033 0.031250
0 0.502088 0.271973 0.081420 0.026367
0 0.507307 0.243652 0.079332 0.024414
1 0.528184 0.450195 0.263048 0.494141
