0 0.511765 0.604004 0.167059 0.047852
0 0.481176 0.561035 0.157647 0.045898
0 0.464706 0.520508 0.162353 0.042969
0 0.445882 0.482422 0.152941 0.044922
0 0.421176 0.448242 0.141176 0.033203
0 0.417647 0.413574 0.124706 0.028320
0 0.429412 0.382812 0.120000 0.031250
0 0.442353 0.353516 0.117647 0.029297
0 0.455294 0.324219 0.120000 0.029297
0 0.474118 0.296875 0.115294 0.031250
0 0.489412 0.267090 0.112941 0.032227
0 0.498824 0.236328 0.094118 0.021484
0 0.487059 0.214844 0.094118 0.025391
1 0.451765 0.425781 0.254118 0.468750
