0 0.495098 0.586914 0.101307 0.046875
0 0.517157 0.542480 0.083333 0.036133
0 0.503268 0.489258 0.107843 0.044922
0 0.486928 0.448242 0.101307 0.046875
0 0.464869 0.408203 0.099673 0.044922
0 0.448529 0.370117 0.086601 0.037109
0 0.433007 0.332031 0.075163 0.027344
0 0.428922 0.297852 0.070261 0.027344
0 0.434641 0.268066 0.075163 0.032227
0 0.454248 0.236816 0.075163 0.038086
0 0.466503 0.204590 0.073529 0.036133
0 0.483660 0.176758 0.071895 0.033203
0 0.493464 0.147949 0.058824 0.020508
0 0.497549 0.121094 0.063725 0.023438
0 0.500817 0.091797 0.063725 0.021484
1 0.493464 0.345703 0.241830 0.554688
