0 0.619221 0.523926 0.138686 0.036133
0 0.642336 0.495117 0.136253 0.031250
0 0.643552 0.463867 0.133820 0.025391
0 0.636253 0.437500 0.128954 0.033203
0 0.624088 0.412109 0.124088 0.035156
0 0.600973 0.389648 0.116788 0.035156
0 0.575426 0.368164 0.119221 0.039062
0 0.538929 0.349121 0.109489 0.038086
0 0.510949 0.330078 0.107056 0.037109
0 0.478102 0.312012 0.104623 0.038086
0 0.445255 0.291992 0.102190 0.037109
0 0.416058 0.272461 0.097324 0.035156
0 0.384428 0.254395 0.097324 0.028320
0 0.371046 0.236816 0.104623 0.030273
1 0.523114 0.383789 0.481752 0.361328
