0 0.427103 0.735352 0.188785 0.054688
0 0.411215 0.673340 0.160748 0.055664
0 0.416822 0.617676 0.168224 0.051758
0 0.451402 0.565430 0.181308 0.062500
0 0.471028 0.514160 0.168224 0.059570
0 0.484112 0.465820 0.164486 0.052734
0 0.500935 0.421875 0.157009 0.054688
0 0.513084 0.375000 0.162617 0.048828
0 0.525234 0.324219 0.130841 0.039062
0 0.512150 0.277832 0.142056 0.043945
0 0.503738 0.229492 0.136449 0.052734
0 0.488785 0.179688 0.132710 0.044922
0 0.468224 0.133789 0.125234 0.041016
1 0.469159 0.449219 0.377570 0.746094
