0 0.506424 0.727539 0.130621 0.039062
0 0.502141 0.685547 0.113490 0.033203
0 0.512848 0.641113 0.096360 0.028320
0 0.521413 0.601074 0.100642 0.030273
0 0.520343 0.564453 0.102784 0.027344
0 0.510707 0.528320 0.096360 0.027344
0 0.505353 0.493164 0.094218 0.027344
0 0.501071 0.462402 0.098501 0.026367
0 0.504283 0.431641 0.092077 0.027344
0 0.508565 0.402344 0.092077 0.027344
0 0.507495 0.372070 0.089936 0.025391
0 0.511777 0.342773 0.077088 0.023438
0 0.504283 0.315918 0.083512 0.030273
0 0.498929 0.288574 0.081370 0.024414
0 0.493576 0.263184 0.087794 0.026367
0 0.486081 0.240234 0.089936 0.025391
1 0.494647 0.480469 0.312634 0.585938
