0 0.537578 0.803223 0.135699 0.043945
0 0.556367 0.758301 0.123173 0.043945
0 0.564718 0.716309 0.123173 0.040039
0 0.551148 0.673340 0.133612 0.041992
0 0.526096 0.632812 0.133612 0.050781
0 0.500000 0.595703 0.118998 0.046875
0 0.467641 0.563477 0.112735 0.041016
0 0.446764 0.528320 0.100209 0.025391
0 0.446764 0.499023 0.096033 0.031250
0 0.460334 0.470703 0.098121 0.035156
0 0.481211 0.443359 0.093946 0.033203
0 0.503132 0.415039 0.083507 0.033203
0 0.521921 0.389648 0.083507 0.027344
0 0.529228 0.364746 0.077244 0.026367
0 0.537578 0.336914 0.081420 0.025391
1 0.486430 0.578125 0.308977 0.535156
