0 0.549342 0.674316 0.133772 0.045898
0 0.573465 0.631836 0.120614 0.042969
0 0.589912 0.590820 0.100877 0.029297
0 0.584430 0.554199 0.103070 0.032227
0 0.573465 0.517578 0.107456 0.035156
0 0.549342 0.488281 0.107456 0.035156
0 0.527412 0.458984 0.103070 0.037109
0 0.513158 0.432129 0.092105 0.030273
0 0.508772 0.403809 0.078947 0.024414
0 0.503289 0.374512 0.076754 0.024414
0 0.512061 0.349121 0.089912 0.028320
0 0.524123 0.325195 0.087719 0.025391
0 0.531798 0.301270 0.085526 0.026367
0 0.539474 0.278809 0.083333 0.018555
0 0.533991 0.257324 0.089912 0.020508
0 0.538377 0.235352 0.081140 0.019531
1 0.530702 0.452148 0.333333 0.517578
