0 0.480493 0.656250 0.127310 0.035156
0 0.469199 0.612793 0.108830 0.032227
0 0.472279 0.568848 0.110883 0.032227
0 0.487680 0.528320 0.104723 0.031250
0 0.502053 0.488770 0.096509 0.036133
0 0.513347 0.452148 0.106776 0.027344
0 0.514374 0.421387 0.088296 0.022461
0 0.514374 0.390137 0.092402 0.020508
0 0.510267 0.359375 0.084189 0.021484
0 0.501027 0.331543 0.086242 0.026367
0 0.485626 0.304199 0.088296 0.028320
0 0.464066 0.277344 0.073922 0.025391
0 0.454825 0.252930 0.080082 0.023438
0 0.454825 0.227051 0.080082 0.024414
0 0.455852 0.200684 0.069815 0.018555
0 0.458932 0.179688 0.080082 0.017578
1 0.476386 0.425781 0.262834 0.554688
