0 0.488662 0.683594 0.133787 0.023438
0 0.479592 0.649902 0.142857 0.028320
0 0.486395 0.615234 0.142857 0.031250
0 0.484127 0.579102 0.133787 0.031250
0 0.487528 0.544922 0.113379 0.029297
0 0.492063 0.511230 0.113379 0.026367
0 0.494331 0.480957 0.104308 0.028320
0 0.492063 0.451172 0.099773 0.025391
0 0.486395 0.425293 0.092971 0.024414
0 0.480726 0.400391 0.099773 0.025391
0 0.477324 0.375000 0.097506 0.029297
0 0.459184 0.352539 0.102041 0.029297
0 0.435374 0.327148 0.090703 0.017578
0 0.428571 0.305176 0.077098 0.016602
0 0.424036 0.281738 0.090703 0.020508
0 0.430839 0.262207 0.099773 0.020508
1 0.476190 0.471680 0.272109 0.494141
