0 0.542179 0.792623 0.124780 0.048363
0 0.554921 0.741329 0.116872 0.041524
0 0.557996 0.691011 0.108963 0.039570
0 0.541740 0.646067 0.104569 0.046409
0 0.521090 0.607230 0.103691 0.041036
0 0.502197 0.570103 0.102812 0.042013
0 0.482865 0.536395 0.094025 0.032242
0 0.474517 0.503175 0.086116 0.027357
0 0.475395 0.470689 0.086116 0.028823
0 0.485940 0.442355 0.087873 0.029800
0 0.492970 0.414265 0.087873 0.031265
0 0.498682 0.384954 0.072935 0.026380
0 0.501318 0.357108 0.069420 0.026380
0 0.507909 0.329751 0.080844 0.025403
1 0.515817 0.569370 0.263620 0.538837
