0 0.469219 0.633789 0.115616 0.054688
0 0.489489 0.588867 0.090090 0.044922
0 0.493243 0.547852 0.085586 0.035156
0 0.490240 0.509766 0.091592 0.035156
0 0.480480 0.474121 0.090090 0.036133
0 0.466967 0.442383 0.084084 0.035156
0 0.457958 0.409668 0.081081 0.036133
0 0.451201 0.378418 0.073574 0.034180
0 0.444444 0.349121 0.072072 0.026367
0 0.446697 0.320312 0.067568 0.029297
0 0.457207 0.295410 0.064565 0.028320
0 0.463964 0.270020 0.066066 0.030273
0 0.474474 0.243652 0.063063 0.030273
0 0.483483 0.215332 0.060060 0.026367
0 0.488739 0.193359 0.058559 0.017578
1 0.473724 0.425781 0.157658 0.511719
