0 0.522876 0.713379 0.174292 0.061523
0 0.494553 0.657715 0.165577 0.055664
0 0.469499 0.606445 0.137255 0.041016
0 0.467320 0.556641 0.124183 0.042969
0 0.482571 0.508789 0.141612 0.044922
0 0.502179 0.464844 0.128540 0.042969
0 0.529412 0.429688 0.126362 0.044922
0 0.552288 0.390137 0.111111 0.036133
0 0.553377 0.353516 0.108932 0.031250
0 0.547930 0.318848 0.106754 0.032227
0 0.532680 0.287598 0.106754 0.036133
0 0.513072 0.258301 0.098039 0.034180
0 0.491285 0.228516 0.098039 0.033203
0 0.471678 0.198730 0.093682 0.032227
0 0.465142 0.169434 0.093682 0.024414
1 0.520697 0.456055 0.300654 0.626953
