0 0.457611 0.693848 0.132948 0.040039
0 0.457611 0.650391 0.132948 0.037109
0 0.457611 0.602539 0.129094 0.041016
0 0.471098 0.562012 0.121387 0.047852
0 0.493256 0.526367 0.111753 0.042969
0 0.516378 0.494141 0.123314 0.046875
0 0.552987 0.463867 0.104046 0.039062
0 0.570328 0.434082 0.088632 0.030273
0 0.567437 0.402832 0.086705 0.022461
0 0.576108 0.374512 0.092486 0.028320
0 0.564547 0.349121 0.096339 0.036133
0 0.540462 0.323242 0.086705 0.033203
0 0.526975 0.298828 0.090559 0.035156
0 0.513487 0.273438 0.094412 0.035156
0 0.504817 0.245605 0.088632 0.026367
1 0.504817 0.467773 0.300578 0.521484
