0 0.475874 0.657715 0.103161 0.040039
0 0.471714 0.607422 0.108153 0.041016
0 0.466722 0.562988 0.094842 0.038086
0 0.474210 0.500000 0.089850 0.037109
0 0.485025 0.460938 0.091514 0.039062
0 0.485857 0.419922 0.086522 0.037109
0 0.472546 0.385742 0.093178 0.044922
0 0.441764 0.354004 0.088186 0.045898
0 0.410982 0.326660 0.089850 0.045898
0 0.381864 0.298340 0.078203 0.038086
0 0.368552 0.269043 0.074875 0.030273
0 0.366057 0.237793 0.079867 0.030273
0 0.386023 0.210449 0.076539 0.036133
0 0.407654 0.191406 0.076539 0.037109
1 0.434276 0.422852 0.276206 0.521484
