0 0.443567 0.593035 0.155756 0.047761
0 0.406321 0.557711 0.139955 0.040796
0 0.380361 0.522886 0.133183 0.032836
0 0.383747 0.488557 0.139955 0.035821
0 0.410835 0.457711 0.130926 0.041791
0 0.445824 0.429353 0.133183 0.044776
0 0.480813 0.404478 0.121896 0.040796
0 0.494357 0.375124 0.108352 0.031841
0 0.498871 0.345274 0.090293 0.023881
0 0.486456 0.320896 0.106095 0.028856
0 0.471783 0.294527 0.090293 0.027861
0 0.469526 0.270149 0.090293 0.026866
0 0.452596 0.246766 0.088036 0.025871
0 0.450339 0.221891 0.088036 0.021891
1 0.444695 0.400000 0.311512 0.449751
