0 0.488479 0.738492 0.152074 0.043095
0 0.473502 0.687071 0.154378 0.040157
0 0.483871 0.643487 0.156682 0.041136
0 0.510369 0.599412 0.149770 0.048972
0 0.543779 0.562684 0.152074 0.051910
0 0.584101 0.528404 0.140553 0.047992
0 0.607143 0.491185 0.131336 0.036239
0 0.608295 0.454456 0.124424 0.029383
0 0.600230 0.419197 0.126728 0.039177
0 0.576037 0.392262 0.133641 0.044074
0 0.541475 0.363369 0.129032 0.041136
0 0.511521 0.335945 0.133641 0.041136
0 0.479263 0.310970 0.110599 0.038198
0 0.450461 0.283056 0.108295 0.033301
1 0.504608 0.512243 0.400922 0.519099
