0 0.470524 0.772949 0.159389 0.049805
0 0.453057 0.725586 0.168122 0.046875
0 0.438865 0.678223 0.148472 0.040039
0 0.437773 0.630371 0.150655 0.041992
0 0.445415 0.588379 0.144105 0.041992
0 0.468341 0.551758 0.150655 0.046875
0 0.484716 0.513184 0.135371 0.040039
0 0.505459 0.478027 0.115721 0.030273
0 0.517467 0.445801 0.109170 0.028320
0 0.502183 0.413574 0.131004 0.034180
0 0.486900 0.384277 0.113537 0.034180
0 0.478166 0.356445 0.113537 0.033203
0 0.460699 0.328125 0.100437 0.033203
0 0.454148 0.302246 0.104803 0.028320
0 0.449782 0.271484 0.109170 0.027344
0 0.450873 0.243164 0.111354 0.023438
