0 0.521378 0.594727 0.064133 0.033203
0 0.514252 0.554688 0.064133 0.035156
0 0.502375 0.515625 0.064133 0.035156
0 0.494062 0.483398 0.057007 0.029297
0 0.491686 0.451172 0.057007 0.027344
0 0.492874 0.420898 0.054632 0.025391
0 0.494062 0.390625 0.047506 0.027344
0 0.497625 0.358398 0.045131 0.025391
0 0.500000 0.329102 0.040380 0.021484
0 0.500000 0.303711 0.035629 0.021484
0 0.501188 0.272461 0.038005 0.025391
0 0.501188 0.244141 0.038005 0.019531
0 0.496437 0.218750 0.033254 0.019531
0 0.496437 0.195312 0.033254 0.019531
1 0.507126 0.395508 0.116390 0.482422
