0 0.493355 0.700684 0.122924 0.051758
0 0.501661 0.648926 0.116279 0.041992
0 0.490864 0.604004 0.124585 0.047852
0 0.460963 0.561035 0.131229 0.053711
0 0.436047 0.519531 0.124585 0.054688
0 0.406146 0.480469 0.088040 0.035156
0 0.398671 0.438477 0.096346 0.041016
0 0.421096 0.407715 0.098007 0.043945
0 0.444352 0.379883 0.098007 0.044922
0 0.477575 0.351074 0.094684 0.045898
0 0.500831 0.321777 0.078073 0.038086
0 0.518272 0.291992 0.083056 0.035156
0 0.521595 0.263672 0.076412 0.021484
0 0.509967 0.234863 0.086379 0.032227
1 0.473422 0.471680 0.215947 0.541016
