0 0.429598 0.653945 0.074713 0.050674
0 0.417026 0.609044 0.063937 0.041693
0 0.410201 0.562861 0.060345 0.032713
0 0.413793 0.523733 0.061782 0.040411
0 0.421695 0.485247 0.061782 0.040411
0 0.432471 0.451251 0.063218 0.042976
0 0.446121 0.421103 0.067529 0.040411
0 0.455460 0.391597 0.058908 0.032713
0 0.463362 0.357280 0.050287 0.028223
0 0.461566 0.330340 0.056753 0.025657
0 0.456178 0.303079 0.050287 0.027582
0 0.450431 0.276139 0.045977 0.027582
0 0.445761 0.248557 0.049569 0.025016
0 0.445043 0.223861 0.045259 0.020526
0 0.446839 0.200128 0.048851 0.021809
1 0.441810 0.447723 0.175287 0.545221
