0 0.481818 0.726074 0.143434 0.041992
0 0.465657 0.680176 0.139394 0.041992
0 0.463636 0.634766 0.135354 0.039062
0 0.480808 0.592285 0.137374 0.045898
0 0.508081 0.550781 0.127273 0.041016
0 0.532323 0.515137 0.123232 0.041992
0 0.551515 0.479492 0.096970 0.031250
0 0.550505 0.444824 0.082828 0.030273
0 0.554545 0.412598 0.098990 0.030273
0 0.538384 0.384766 0.094949 0.033203
0 0.521212 0.358398 0.088889 0.029297
0 0.500000 0.333008 0.074747 0.027344
0 0.487879 0.307129 0.074747 0.022461
0 0.483838 0.281250 0.078788 0.025391
0 0.474747 0.255859 0.084848 0.023438
0 0.468687 0.230957 0.084848 0.022461
1 0.498990 0.480469 0.286869 0.554688
