0 0.537946 0.714844 0.151786 0.035156
0 0.562500 0.680176 0.156250 0.043945
0 0.589286 0.636230 0.147321 0.043945
0 0.602679 0.596680 0.147321 0.031250
0 0.598214 0.557617 0.165179 0.042969
0 0.577009 0.519043 0.140625 0.045898
0 0.540179 0.488281 0.133929 0.046875
0 0.510045 0.458008 0.113839 0.041016
0 0.497768 0.423340 0.107143 0.026367
0 0.492188 0.389648 0.118304 0.033203
0 0.511161 0.362305 0.133929 0.041016
0 0.543527 0.335938 0.127232 0.041016
0 0.568080 0.308594 0.104911 0.035156
0 0.584821 0.278809 0.093750 0.028320
0 0.592634 0.254883 0.082589 0.023438
0 0.594866 0.230957 0.087054 0.020508
1 0.558036 0.467773 0.276786 0.541016
