0 0.491632 0.703613 0.146444 0.041992
0 0.482218 0.653809 0.135983 0.038086
0 0.481172 0.609375 0.117155 0.037109
0 0.488494 0.565918 0.123431 0.041992
0 0.505230 0.528320 0.115063 0.035156
0 0.517782 0.492188 0.106695 0.031250
0 0.528243 0.458496 0.102510 0.030273
0 0.533473 0.425781 0.092050 0.027344
0 0.533473 0.394531 0.092050 0.029297
0 0.527197 0.362305 0.092050 0.031250
0 0.514644 0.333496 0.087866 0.026367
0 0.500000 0.304199 0.083682 0.028320
0 0.488494 0.272949 0.081590 0.026367
0 0.486402 0.246582 0.085774 0.024414
0 0.488494 0.219727 0.098326 0.019531
1 0.516736 0.453125 0.288703 0.558594
