0 0.468543 0.675781 0.102649 0.029687
0 0.468543 0.642188 0.102649 0.028125
0 0.461921 0.608594 0.109272 0.026562
0 0.463576 0.575000 0.105960 0.025000
0 0.461921 0.543750 0.109272 0.028125
0 0.456954 0.512500 0.099338 0.025000
0 0.453642 0.485156 0.099338 0.023438
0 0.453642 0.458594 0.092715 0.023438
0 0.458609 0.435156 0.096026 0.023438
0 0.458609 0.409375 0.089404 0.025000
0 0.471854 0.361719 0.076159 0.020313
0 0.468543 0.385937 0.069536 0.018750
0 0.471854 0.337500 0.069536 0.018750
0 0.471854 0.315625 0.076159 0.021875
0 0.473510 0.292187 0.079470 0.018750
1 0.470199 0.495312 0.238411 0.475000
