0 0.466797 0.721191 0.141927 0.047852
0 0.479818 0.669434 0.147135 0.053711
0 0.490234 0.609375 0.144531 0.048828
0 0.498047 0.558594 0.139323 0.050781
0 0.494141 0.503906 0.141927 0.052734
0 0.483073 0.449707 0.145833 0.049805
0 0.484375 0.401855 0.127604 0.045898
0 0.472005 0.357910 0.123698 0.043945
0 0.472005 0.313965 0.121094 0.038086
0 0.471354 0.271484 0.109375 0.042969
0 0.485026 0.230957 0.102865 0.047852
0 0.497396 0.188965 0.096354 0.049805
0 0.510417 0.151367 0.091146 0.042969
0 0.520182 0.115234 0.084635 0.027344
0 0.519531 0.083496 0.093750 0.026367
1 0.477865 0.419922 0.210938 0.730469
