0 0.468037 0.799805 0.196347 0.056641
0 0.495434 0.745117 0.187215 0.056641
0 0.504566 0.693359 0.182648 0.046875
0 0.496575 0.642090 0.162100 0.043945
0 0.479452 0.603027 0.159817 0.038086
0 0.463470 0.562012 0.155251 0.045898
0 0.452055 0.519531 0.136986 0.041016
0 0.453196 0.472168 0.148402 0.038086
0 0.464612 0.435547 0.139269 0.041016
0 0.489726 0.401367 0.130137 0.039062
0 0.507991 0.369141 0.125571 0.039062
0 0.531963 0.338867 0.127854 0.039062
0 0.559361 0.311035 0.123288 0.036133
0 0.565068 0.279785 0.107306 0.024414
0 0.570776 0.249023 0.105023 0.025391
0 0.565068 0.220703 0.111872 0.025391
1 0.484018 0.501953 0.429224 0.699219
