0 0.459075 0.761719 0.120996 0.044922
0 0.443060 0.716309 0.113879 0.041992
0 0.443060 0.675293 0.099644 0.030273
0 0.450178 0.641113 0.099644 0.036133
0 0.464413 0.602539 0.096085 0.035156
0 0.470641 0.565918 0.097865 0.032227
0 0.467972 0.531250 0.088968 0.031250
0 0.458185 0.500488 0.094306 0.028320
0 0.448399 0.473633 0.081851 0.029297
0 0.442171 0.446777 0.080071 0.030273
0 0.432384 0.419922 0.078292 0.029297
0 0.423488 0.394531 0.071174 0.029297
0 0.415480 0.368652 0.065836 0.020508
0 0.414591 0.343750 0.071174 0.021484
0 0.417260 0.318848 0.069395 0.022461
1 0.446619 0.554688 0.202847 0.523438
