0 0.501969 0.795898 0.141732 0.041016
0 0.485236 0.746582 0.143701 0.045898
0 0.479331 0.702637 0.139764 0.038086
0 0.490157 0.664062 0.133858 0.041016
0 0.507874 0.625000 0.118110 0.037109
0 0.511811 0.588379 0.110236 0.034180
0 0.516732 0.551758 0.096457 0.027344
0 0.505906 0.520020 0.102362 0.030273
0 0.494094 0.490723 0.094488 0.028320
0 0.485236 0.461426 0.092520 0.030273
0 0.472441 0.434570 0.090551 0.031250
0 0.458661 0.407227 0.082677 0.029297
0 0.451772 0.376465 0.072835 0.024414
0 0.452756 0.350586 0.078740 0.023438
0 0.452756 0.326172 0.086614 0.027344
1 0.486220 0.564453 0.240157 0.527344
