0 0.456009 0.668457 0.139485 0.036133
0 0.450644 0.626465 0.133047 0.032227
0 0.467811 0.584961 0.124464 0.039062
0 0.484979 0.543457 0.120172 0.040039
0 0.515021 0.507812 0.124464 0.037109
0 0.512876 0.466797 0.115880 0.031250
0 0.498927 0.427246 0.126609 0.036133
0 0.491416 0.394043 0.098712 0.028320
0 0.479614 0.358398 0.100858 0.033203
0 0.468884 0.326660 0.100858 0.032227
0 0.461373 0.294434 0.094421 0.030273
0 0.452790 0.260254 0.090129 0.026367
0 0.452790 0.225098 0.090129 0.022461
0 0.456009 0.198730 0.096567 0.026367
0 0.458155 0.173340 0.096567 0.024414
1 0.480687 0.427734 0.248927 0.554688
