0 0.498031 0.795898 0.141732 0.041016
0 0.514764 0.746582 0.143701 0.045898
0 0.520669 0.702637 0.139764 0.038086
0 0.509843 0.664062 0.133858 0.041016
0 0.492126 0.625000 0.118110 0.037109
0 0.488189 0.588379 0.110236 0.034180
0 0.483268 0.551758 0.096457 0.027344
0 0.494094 0.520020 0.102362 0.030273
0 0.505906 0.490723 0.094488 0.028320
0 0.514764 0.461426 0.092520 0.030273
0 0.527559 0.434570 0.090551 0.031250
0 0.541339 0.407227 0.082677 0.029297
0 0.548228 0.376465 0.072835 0.024414
0 0.547244 0.350586 0.078740 0.023438
0 0.547244 0.326172 0.086614 0.027344
1 0.513780 0.564453 0.240157 0.527344
