0 0.411255 0.656250 0.116883 0.021484
0 0.404762 0.625488 0.125541 0.030273
0 0.397186 0.590332 0.110390 0.030273
0 0.397186 0.555664 0.110390 0.025391
0 0.397186 0.523438 0.119048 0.027344
0 0.403680 0.492676 0.106061 0.024414
0 0.411255 0.465332 0.103896 0.024414
0 0.419913 0.437988 0.099567 0.026367
0 0.424242 0.412598 0.086580 0.020508
0 0.426407 0.387695 0.090909 0.019531
0 0.426407 0.363281 0.082251 0.021484
0 0.424242 0.339355 0.082251 0.020508
0 0.420996 0.316406 0.075758 0.019531
0 0.420996 0.295410 0.075758 0.018555
0 0.429654 0.274414 0.080087 0.019531
0 0.429654 0.252930 0.088745 0.019531
0 0.433983 0.231934 0.080087 0.016602
1 0.430736 0.451172 0.203463 0.484375
