0 0.508009 0.753906 0.164760 0.050781
0 0.477117 0.712402 0.153318 0.041992
0 0.467963 0.670410 0.148741 0.040039
0 0.497712 0.633301 0.135011 0.038086
0 0.527460 0.600098 0.130435 0.040039
0 0.550343 0.566895 0.116705 0.032227
0 0.565217 0.532715 0.105263 0.032227
0 0.546911 0.506836 0.100686 0.037109
0 0.517162 0.481445 0.109840 0.039062
0 0.481693 0.456543 0.107551 0.038086
0 0.448513 0.432129 0.100686 0.034180
0 0.426773 0.407715 0.089245 0.026367
0 0.423341 0.380859 0.091533 0.023438
0 0.431350 0.356934 0.102975 0.026367
0 0.445080 0.337891 0.098398 0.029297
1 0.485126 0.555664 0.347826 0.505859
