0 0.531963 0.799805 0.196347 0.056641
0 0.504566 0.745117 0.187215 0.056641
0 0.495434 0.693359 0.182648 0.046875
0 0.503425 0.642090 0.162100 0.043945
0 0.520548 0.603027 0.159817 0.038086
0 0.536530 0.562012 0.155251 0.045898
0 0.547945 0.519531 0.136986 0.041016
0 0.546804 0.472168 0.148402 0.038086
0 0.535388 0.435547 0.139269 0.041016
0 0.510274 0.401367 0.130137 0.039062
0 0.492009 0.369141 0.125571 0.039062
0 0.468037 0.338867 0.127854 0.039062
0 0.440639 0.311035 0.123288 0.036133
0 0.434932 0.279785 0.107306 0.024414
0 0.429224 0.249023 0.105023 0.025391
0 0.434932 0.220703 0.111872 0.025391
1 0.515982 0.501953 0.429224 0.699219
