0 0.545752 0.597656 0.115468 0.031250
0 0.569717 0.563965 0.115468 0.024414
0 0.553377 0.526367 0.135076 0.042969
0 0.516340 0.490234 0.122004 0.041016
0 0.478214 0.459961 0.115468 0.041016
0 0.447712 0.429688 0.093682 0.029297
0 0.447712 0.397949 0.093682 0.026367
0 0.464052 0.370605 0.095861 0.034180
0 0.488017 0.344727 0.095861 0.035156
0 0.528322 0.328125 0.102397 0.035156
0 0.566449 0.310059 0.095861 0.032227
0 0.596950 0.290039 0.087146 0.031250
0 0.606754 0.268066 0.093682 0.024414
0 0.603486 0.243652 0.100218 0.018555
0 0.601307 0.224609 0.100218 0.019531
1 0.555556 0.410156 0.374728 0.449219
