0 0.529126 0.705078 0.153398 0.052734
0 0.504854 0.661621 0.151456 0.049805
0 0.479612 0.619629 0.147573 0.051758
0 0.449515 0.582520 0.130097 0.043945
0 0.433010 0.546387 0.139806 0.032227
0 0.427184 0.509277 0.120388 0.032227
0 0.437864 0.475098 0.114563 0.032227
0 0.441748 0.442383 0.106796 0.035156
0 0.448544 0.411133 0.100971 0.031250
0 0.458252 0.381836 0.093204 0.031250
0 0.464078 0.347656 0.089320 0.023438
0 0.463107 0.321289 0.091262 0.023438
0 0.459223 0.292480 0.091262 0.024414
0 0.461165 0.263184 0.091262 0.022461
0 0.461165 0.236816 0.095146 0.030273
1 0.479612 0.475586 0.337864 0.556641
