0 0.454248 0.597656 0.115468 0.031250
0 0.430283 0.563965 0.115468 0.024414
0 0.446623 0.526367 0.135076 0.042969
0 0.483660 0.490234 0.122004 0.041016
0 0.521786 0.459961 0.115468 0.041016
0 0.552288 0.429688 0.093682 0.029297
0 0.552288 0.397949 0.093682 0.026367
0 0.535948 0.370605 0.095861 0.034180
0 0.511983 0.344727 0.095861 0.035156
0 0.471678 0.328125 0.102397 0.035156
0 0.433551 0.310059 0.095861 0.032227
0 0.403050 0.290039 0.087146 0.031250
0 0.393246 0.268066 0.093682 0.024414
0 0.396514 0.243652 0.100218 0.018555
0 0.398693 0.224609 0.100218 0.019531
1 0.444444 0.410156 0.374728 0.449219
