0 0.520057 0.795898 0.160458 0.048828
0 0.527937 0.731445 0.159026 0.064453
0 0.538682 0.664062 0.151862 0.058594
0 0.538682 0.609375 0.146132 0.044922
0 0.531519 0.546875 0.143266 0.056641
0 0.512178 0.498047 0.127507 0.048828
0 0.512178 0.452148 0.130372 0.052734
0 0.506447 0.404297 0.110315 0.048828
0 0.504298 0.357910 0.106017 0.038086
0 0.505731 0.314941 0.100287 0.038086
0 0.510029 0.275879 0.094556 0.038086
0 0.515043 0.235840 0.095989 0.038086
0 0.520057 0.199219 0.091691 0.035156
0 0.530086 0.164062 0.085960 0.029297
0 0.528653 0.130859 0.083095 0.031250
0 0.523639 0.100098 0.087393 0.032227
1 0.524355 0.452148 0.217765 0.748047
