0 0.491991 0.753906 0.164760 0.050781
0 0.522883 0.712402 0.153318 0.041992
0 0.532037 0.670410 0.148741 0.040039
0 0.502288 0.633301 0.135011 0.038086
0 0.472540 0.600098 0.130435 0.040039
0 0.449657 0.566895 0.116705 0.032227
0 0.434783 0.532715 0.105263 0.032227
0 0.453089 0.506836 0.100686 0.037109
0 0.482838 0.481445 0.109840 0.039062
0 0.518307 0.456543 0.107551 0.038086
0 0.551487 0.432129 0.100686 0.034180
0 0.573227 0.407715 0.089245 0.026367
0 0.576659 0.380859 0.091533 0.023438
0 0.568650 0.356934 0.102975 0.026367
0 0.554920 0.337891 0.098398 0.029297
1 0.514874 0.555664 0.347826 0.505859
