0 0.543641 0.628906 0.154613 0.041016
0 0.576060 0.586914 0.154613 0.031250
0 0.564838 0.547363 0.147132 0.040039
0 0.518703 0.517090 0.134663 0.041992
0 0.480050 0.487305 0.132170 0.041016
0 0.436409 0.459473 0.114713 0.030273
0 0.426434 0.428711 0.104738 0.021484
0 0.446384 0.402832 0.114713 0.032227
0 0.471322 0.378418 0.099751 0.032227
0 0.508728 0.362793 0.099751 0.034180
0 0.546135 0.345215 0.104738 0.034180
0 0.582294 0.325684 0.107232 0.032227
0 0.594763 0.302246 0.082294 0.016602
0 0.592269 0.281738 0.102244 0.020508
0 0.584788 0.261230 0.097257 0.022461
0 0.571072 0.242188 0.099751 0.023438
1 0.498753 0.427734 0.344140 0.472656
