0 0.506329 0.772949 0.095238 0.048828
0 0.494274 0.725830 0.092827 0.043457
0 0.485835 0.683105 0.085594 0.035156
0 0.484027 0.643311 0.083183 0.033691
0 0.488547 0.602539 0.076552 0.036133
0 0.492164 0.564453 0.077758 0.038086
0 0.497890 0.524414 0.072333 0.035156
0 0.499699 0.488281 0.066305 0.032227
0 0.500301 0.454590 0.065099 0.029297
0 0.493369 0.420410 0.064497 0.032227
0 0.490657 0.387695 0.063894 0.032227
0 0.490657 0.356201 0.063894 0.030762
0 0.486136 0.326660 0.059675 0.026367
0 0.487945 0.295410 0.060880 0.027344
1 0.506932 0.553955 0.171187 0.569824
