0 0.507322 0.714844 0.152720 0.048828
0 0.531381 0.670410 0.138075 0.034180
0 0.539749 0.634766 0.121339 0.031250
0 0.544979 0.600586 0.131799 0.033203
0 0.537657 0.564453 0.121339 0.033203
0 0.527197 0.531250 0.117155 0.033203
0 0.523013 0.498047 0.104603 0.031250
0 0.516736 0.463867 0.104603 0.025391
0 0.516736 0.433594 0.096234 0.027344
0 0.519874 0.405762 0.089958 0.030273
0 0.530335 0.376465 0.085774 0.028320
0 0.528243 0.349609 0.089958 0.029297
0 0.535565 0.321777 0.083682 0.030273
0 0.536611 0.292969 0.085774 0.027344
1 0.511506 0.522949 0.286611 0.500977
