0 0.456359 0.628906 0.154613 0.041016
0 0.423940 0.586914 0.154613 0.031250
0 0.435162 0.547363 0.147132 0.040039
0 0.481297 0.517090 0.134663 0.041992
0 0.519950 0.487305 0.132170 0.041016
0 0.563591 0.459473 0.114713 0.030273
0 0.573566 0.428711 0.104738 0.021484
0 0.553616 0.402832 0.114713 0.032227
0 0.528678 0.378418 0.099751 0.032227
0 0.491272 0.362793 0.099751 0.034180
0 0.453865 0.345215 0.104738 0.034180
0 0.417706 0.325684 0.107232 0.032227
0 0.405237 0.302246 0.082294 0.016602
0 0.407731 0.281738 0.102244 0.020508
0 0.415212 0.261230 0.097257 0.022461
0 0.428928 0.242188 0.099751 0.023438
1 0.501247 0.427734 0.344140 0.472656
