0 0.464539 0.757324 0.167849 0.040039
0 0.450355 0.710449 0.163121 0.036133
0 0.457447 0.663574 0.158392 0.040039
0 0.478723 0.620605 0.158392 0.038086
0 0.492908 0.579102 0.144208 0.035156
0 0.507092 0.538086 0.139480 0.033203
0 0.511820 0.497559 0.125296 0.032227
0 0.503546 0.460449 0.118203 0.032227
0 0.494090 0.425293 0.122931 0.030273
0 0.484634 0.390625 0.118203 0.031250
0 0.476359 0.356445 0.101655 0.031250
0 0.465721 0.324219 0.113475 0.027344
0 0.458629 0.290039 0.104019 0.029297
0 0.458629 0.256836 0.118203 0.027344
0 0.463357 0.228027 0.113475 0.026367
1 0.501182 0.529297 0.302600 0.667969
