0 0.514986 0.737305 0.152589 0.035156
0 0.468665 0.701660 0.152589 0.040039
0 0.437330 0.666504 0.149864 0.038086
0 0.415531 0.633301 0.138965 0.028320
0 0.408719 0.598633 0.130790 0.023438
0 0.429155 0.569336 0.133515 0.027344
0 0.453678 0.541016 0.117166 0.029297
0 0.474114 0.514648 0.114441 0.025391
0 0.486376 0.489258 0.106267 0.019531
0 0.490463 0.462891 0.103542 0.019531
0 0.478202 0.439453 0.095368 0.023438
0 0.456403 0.416992 0.095368 0.025391
0 0.435967 0.392578 0.087193 0.025391
0 0.427793 0.366699 0.087193 0.018555
0 0.420981 0.345215 0.100817 0.018555
0 0.426431 0.324219 0.100817 0.015625
1 0.465940 0.538086 0.321526 0.455078
