0 0.525743 0.648926 0.140594 0.049805
0 0.488119 0.611816 0.116832 0.040039
0 0.469307 0.572754 0.106931 0.036133
0 0.460396 0.536133 0.108911 0.023438
0 0.464356 0.500488 0.108911 0.028320
0 0.477228 0.467773 0.102970 0.031250
0 0.497030 0.439941 0.095050 0.030273
0 0.516832 0.411621 0.083168 0.024414
0 0.526733 0.387695 0.083168 0.021484
0 0.530693 0.362793 0.079208 0.018555
0 0.525743 0.336914 0.081188 0.019531
0 0.515842 0.311523 0.073267 0.025391
0 0.506931 0.287109 0.067327 0.019531
0 0.499010 0.262695 0.071287 0.017578
0 0.501980 0.231445 0.077228 0.017578
0 0.503960 0.208984 0.077228 0.017578
1 0.495050 0.444336 0.237624 0.505859
