0 0.463816 0.915529 0.161184 0.042662
0 0.469572 0.857935 0.166118 0.046928
0 0.481086 0.804181 0.152961 0.043515
0 0.488487 0.751280 0.148026 0.041809
0 0.489309 0.695392 0.143092 0.044369
0 0.487664 0.645904 0.126645 0.040956
0 0.487664 0.597696 0.120066 0.040102
0 0.481086 0.557167 0.110197 0.034130
0 0.483553 0.515358 0.115132 0.034130
0 0.486020 0.476536 0.110197 0.031570
0 0.488487 0.438567 0.101974 0.034130
0 0.511513 0.402730 0.098684 0.039249
0 0.517270 0.363481 0.097039 0.037543
0 0.534539 0.327645 0.095395 0.034130
0 0.546875 0.290956 0.090461 0.027304
0 0.542763 0.253413 0.101974 0.034130
0 0.532072 0.222270 0.110197 0.031570
0 0.510691 0.190700 0.113487 0.029863
1 0.479441 0.558020 0.268092 0.791809
