0 0.536827 0.763799 0.144476 0.043831
0 0.536827 0.707792 0.138810 0.045455
0 0.528329 0.653409 0.138810 0.047078
0 0.515581 0.603084 0.135977 0.047078
0 0.501416 0.553571 0.130312 0.048701
0 0.487252 0.506494 0.118980 0.045455
0 0.474504 0.462662 0.116147 0.045455
0 0.464589 0.420455 0.101983 0.035714
0 0.460340 0.381494 0.093484 0.032468
0 0.466006 0.342532 0.099150 0.035714
0 0.481586 0.306818 0.096317 0.038961
0 0.497167 0.271104 0.099150 0.038961
0 0.516997 0.239448 0.087819 0.037338
0 0.533994 0.210227 0.076487 0.030844
0 0.548159 0.177760 0.070822 0.024351
0 0.548159 0.144481 0.082153 0.025974
0 0.542493 0.116883 0.076487 0.022727
1 0.500000 0.451299 0.246459 0.720779
