0 0.544944 0.793866 0.140449 0.038043
0 0.543539 0.742624 0.137640 0.042702
0 0.538624 0.693323 0.130618 0.037267
0 0.521770 0.640528 0.141854 0.038820
0 0.507725 0.594720 0.127809 0.049689
0 0.488764 0.549301 0.117978 0.045807
0 0.481039 0.504658 0.116573 0.041925
0 0.469101 0.462345 0.112360 0.033385
0 0.473315 0.420807 0.117978 0.035714
0 0.476124 0.379270 0.126404 0.038043
0 0.495787 0.343556 0.126404 0.038043
0 0.517556 0.307453 0.125000 0.046584
0 0.536517 0.272516 0.095506 0.040373
0 0.546348 0.233307 0.075843 0.030280
0 0.553371 0.196817 0.084270 0.031832
0 0.553371 0.159938 0.101124 0.032609
0 0.548455 0.126165 0.108146 0.024068
1 0.505618 0.464286 0.238764 0.722050
