0 0.536184 0.915529 0.161184 0.042662
0 0.530428 0.857935 0.166118 0.046928
0 0.518914 0.804181 0.152961 0.043515
0 0.511513 0.751280 0.148026 0.041809
0 0.510691 0.695392 0.143092 0.044369
0 0.512336 0.645904 0.126645 0.040956
0 0.512336 0.597696 0.120066 0.040102
0 0.518914 0.557167 0.110197 0.034130
0 0.516447 0.515358 0.115132 0.034130
0 0.513980 0.476536 0.110197 0.031570
0 0.511513 0.438567 0.101974 0.034130
0 0.488487 0.402730 0.098684 0.039249
0 0.482730 0.363481 0.097039 0.037543
0 0.465461 0.327645 0.095395 0.034130
0 0.453125 0.290956 0.090461 0.027304
0 0.457237 0.253413 0.101974 0.034130
0 0.467928 0.222270 0.110197 0.031570
0 0.489309 0.190700 0.113487 0.029863
1 0.521382 0.558020 0.266447 0.791809
