0 0.463173 0.763799 0.144476 0.043831
0 0.463173 0.707792 0.138810 0.045455
0 0.471671 0.653409 0.138810 0.047078
0 0.484419 0.603084 0.135977 0.047078
0 0.498584 0.553571 0.130312 0.048701
0 0.512748 0.506494 0.118980 0.045455
0 0.525496 0.462662 0.116147 0.045455
0 0.535411 0.420455 0.101983 0.035714
0 0.539660 0.381494 0.093484 0.032468
0 0.533994 0.342532 0.099150 0.035714
0 0.518414 0.306818 0.096317 0.038961
0 0.502833 0.271104 0.099150 0.038961
0 0.483003 0.239448 0.087819 0.037338
0 0.466006 0.210227 0.076487 0.030844
0 0.451841 0.177760 0.070822 0.024351
0 0.451841 0.144481 0.082153 0.025974
0 0.457507 0.116883 0.076487 0.022727
1 0.500000 0.451299 0.246459 0.720779
