0 0.520890 0.806199 0.080137 0.045822
0 0.534247 0.760916 0.072603 0.044744
0 0.551370 0.718329 0.071233 0.044744
0 0.565068 0.675202 0.071233 0.042588
0 0.581164 0.638275 0.058219 0.032345
0 0.580822 0.596765 0.065753 0.028032
0 0.579110 0.561725 0.062329 0.034501
0 0.569521 0.529919 0.055479 0.033423
0 0.555137 0.499461 0.055479 0.037197
0 0.542808 0.469811 0.051370 0.033962
0 0.531507 0.443666 0.049315 0.030189
0 0.521233 0.412129 0.045205 0.028571
0 0.517123 0.382210 0.038356 0.025876
0 0.514726 0.353100 0.043151 0.022642
0 0.516781 0.326685 0.041781 0.021563
1 0.552740 0.578437 0.178082 0.528302
