0 0.403226 0.828999 0.131514 0.045514
0 0.429280 0.793238 0.119107 0.044213
0 0.457816 0.752926 0.101737 0.049415
0 0.483871 0.719766 0.089330 0.037711
0 0.497519 0.678153 0.086849 0.037711
0 0.483871 0.640442 0.094293 0.037711
0 0.467742 0.604681 0.086849 0.033810
0 0.457816 0.572822 0.076923 0.032510
0 0.445409 0.544213 0.071960 0.027308
0 0.434243 0.513004 0.064516 0.024707
0 0.437965 0.485696 0.057072 0.024707
0 0.447891 0.459688 0.057072 0.024707
0 0.451613 0.431079 0.054591 0.027308
0 0.459057 0.403771 0.059553 0.027308
0 0.465261 0.376463 0.062035 0.022107
1 0.436725 0.604681 0.263027 0.525358
