0 0.471660 0.773474 0.117409 0.058685
0 0.444332 0.726526 0.111336 0.053991
0 0.421053 0.683685 0.105263 0.050469
0 0.406883 0.649648 0.101215 0.041080
0 0.399798 0.624413 0.078947 0.032864
0 0.396761 0.603873 0.076923 0.024648
0 0.399798 0.577465 0.066802 0.032864
0 0.417004 0.548709 0.064777 0.024648
0 0.430162 0.525235 0.058704 0.024648
0 0.443320 0.502934 0.060729 0.022300
0 0.461538 0.478286 0.068826 0.026995
0 0.471660 0.450704 0.060729 0.025822
0 0.469636 0.420188 0.056680 0.025822
0 0.466599 0.391432 0.058704 0.026995
0 0.462551 0.361502 0.058704 0.028169
0 0.457490 0.332746 0.052632 0.022300
0 0.459514 0.304577 0.056680 0.022300
1 0.454453 0.552230 0.244939 0.545775
