0 0.479110 0.806199 0.080137 0.045822
0 0.465753 0.760916 0.072603 0.044744
0 0.448630 0.718329 0.071233 0.044744
0 0.434932 0.675202 0.071233 0.042588
0 0.418836 0.638275 0.058219 0.032345
0 0.419178 0.596765 0.065753 0.028032
0 0.420890 0.561725 0.062329 0.034501
0 0.430479 0.529919 0.055479 0.033423
0 0.444863 0.499461 0.055479 0.037197
0 0.457192 0.469811 0.051370 0.033962
0 0.468493 0.443666 0.049315 0.030189
0 0.478767 0.412129 0.045205 0.028571
0 0.482877 0.382210 0.038356 0.025876
0 0.485274 0.353100 0.043151 0.022642
0 0.483219 0.326685 0.041781 0.021563
1 0.447260 0.578437 0.178082 0.528302
