0 0.511164 0.868537 0.078150 0.051705
0 0.519936 0.820682 0.079745 0.041804
0 0.514354 0.770077 0.084530 0.041804
0 0.497608 0.729373 0.079745 0.044004
0 0.479266 0.691419 0.071770 0.040704
0 0.465710 0.657866 0.063796 0.033003
0 0.457735 0.624862 0.047847 0.024202
0 0.460925 0.594059 0.047847 0.024202
0 0.465710 0.562706 0.044657 0.025303
0 0.466507 0.532453 0.046252 0.026403
0 0.469697 0.502750 0.046252 0.024202
0 0.472089 0.475248 0.044657 0.024202
0 0.476874 0.447195 0.044657 0.023102
0 0.480064 0.419692 0.047847 0.020902
0 0.483254 0.392739 0.044657 0.022002
1 0.488836 0.647415 0.183413 0.551155
