0 0.531015 0.787537 0.099624 0.044161
0 0.536654 0.741904 0.084586 0.037291
0 0.520677 0.700687 0.093985 0.039254
0 0.495301 0.663395 0.092105 0.037291
0 0.475564 0.629048 0.097744 0.031403
0 0.475564 0.593719 0.097744 0.033366
0 0.478383 0.559372 0.088346 0.029441
0 0.477444 0.528459 0.078947 0.026497
0 0.482143 0.498528 0.069549 0.023553
0 0.484962 0.470069 0.063910 0.029441
0 0.494361 0.438665 0.060150 0.029441
0 0.500940 0.409715 0.058271 0.024534
0 0.506579 0.379293 0.058271 0.028459
0 0.508459 0.347890 0.062030 0.022571
0 0.509398 0.322375 0.052632 0.022571
0 0.509398 0.295878 0.052632 0.020608
1 0.510338 0.547596 0.227444 0.563297
