0 0.540076 0.829897 0.118321 0.051546
0 0.525763 0.771907 0.112595 0.056701
0 0.512405 0.715851 0.101145 0.052835
0 0.500954 0.662371 0.089695 0.043814
0 0.498092 0.609536 0.083969 0.038660
0 0.503817 0.545747 0.091603 0.045103
0 0.516221 0.498711 0.093511 0.046392
0 0.528626 0.456186 0.087786 0.043814
0 0.535305 0.414304 0.085878 0.037371
0 0.540076 0.375000 0.072519 0.033505
0 0.541031 0.336340 0.070611 0.030928
0 0.534351 0.301546 0.064885 0.033505
0 0.530534 0.266753 0.064885 0.028351
0 0.530534 0.230670 0.061069 0.030928
0 0.530534 0.197809 0.061069 0.027062
0 0.529580 0.165593 0.059160 0.027062
0 0.524809 0.133376 0.057252 0.027062
1 0.527672 0.490979 0.215649 0.765464
