0 0.471591 0.724571 0.121212 0.052571
0 0.482008 0.681714 0.107955 0.042286
0 0.490530 0.637714 0.098485 0.043429
0 0.504735 0.589714 0.100379 0.041143
0 0.517045 0.546286 0.094697 0.036571
0 0.521780 0.504571 0.085227 0.030857
0 0.519886 0.465143 0.077652 0.027429
0 0.516098 0.430857 0.073864 0.029714
0 0.514205 0.400000 0.070076 0.027429
0 0.511364 0.367429 0.064394 0.028571
0 0.507576 0.337143 0.064394 0.025143
0 0.503788 0.306857 0.056818 0.024000
0 0.502841 0.277714 0.058712 0.020571
0 0.500947 0.248000 0.054924 0.020571
0 0.505682 0.220571 0.053030 0.022857
0 0.501894 0.194857 0.056818 0.021714
0 0.503788 0.169143 0.056818 0.020571
1 0.481061 0.455429 0.242424 0.620571
