0 0.479319 0.829545 0.097324 0.042614
0 0.464720 0.791903 0.087591 0.032670
0 0.464720 0.754261 0.092457 0.034091
0 0.475669 0.720170 0.090024 0.036932
0 0.504866 0.689631 0.080292 0.038352
0 0.525547 0.662642 0.077859 0.041193
0 0.552311 0.636364 0.077859 0.036932
0 0.570560 0.611506 0.075426 0.032670
0 0.583942 0.586648 0.068127 0.025568
0 0.587591 0.559659 0.065693 0.022727
0 0.579075 0.538352 0.058394 0.022727
0 0.565693 0.517045 0.051095 0.022727
0 0.545012 0.496449 0.048662 0.024148
0 0.531630 0.473011 0.051095 0.025568
0 0.521898 0.450994 0.051095 0.024148
1 0.527981 0.647727 0.243309 0.437500
