0 0.407652 0.774910 0.150396 0.051621
0 0.395778 0.726891 0.121372 0.039616
0 0.401055 0.678872 0.142480 0.046819
0 0.435356 0.633253 0.147757 0.051621
0 0.476253 0.595438 0.145119 0.050420
0 0.511873 0.562425 0.126649 0.044418
0 0.535620 0.531212 0.126649 0.042017
0 0.556728 0.496999 0.094987 0.028812
0 0.554090 0.462785 0.100264 0.032413
0 0.538259 0.430972 0.100264 0.031212
0 0.510554 0.399760 0.092348 0.031212
0 0.492084 0.372149 0.092348 0.033613
0 0.473615 0.345138 0.092348 0.032413
0 0.463061 0.314526 0.097625 0.028812
1 0.472296 0.555222 0.321900 0.534214
