0 0.441346 0.847122 0.101923 0.051559
0 0.436538 0.791966 0.092308 0.044365
0 0.431731 0.738010 0.094231 0.041966
0 0.442308 0.690647 0.096154 0.043165
0 0.460577 0.651079 0.094231 0.040767
0 0.481731 0.612710 0.082692 0.040767
0 0.497115 0.579736 0.063462 0.027578
0 0.498077 0.549760 0.061538 0.027578
0 0.496154 0.523981 0.053846 0.023981
0 0.489423 0.500000 0.055769 0.023981
0 0.483654 0.480216 0.055769 0.017986
0 0.483654 0.456235 0.055769 0.025180
0 0.480769 0.429257 0.053846 0.026379
0 0.478846 0.396283 0.057692 0.029976
0 0.472115 0.366906 0.055769 0.028777
0 0.464423 0.335731 0.059615 0.028777
1 0.451923 0.598321 0.203846 0.589928
