0 0.566265 0.775670 0.112450 0.053571
0 0.592369 0.727679 0.096386 0.042411
0 0.593373 0.680246 0.098394 0.039062
0 0.575301 0.637835 0.110442 0.041295
0 0.545181 0.596540 0.102410 0.041295
0 0.528112 0.559710 0.092369 0.036830
0 0.516064 0.524554 0.084337 0.033482
0 0.510040 0.488281 0.072289 0.027902
0 0.511044 0.456473 0.074297 0.031250
0 0.525100 0.426897 0.070281 0.032366
0 0.539157 0.400112 0.070281 0.032366
0 0.555221 0.371652 0.062249 0.029018
0 0.570281 0.344308 0.060241 0.025670
0 0.582329 0.319754 0.060241 0.025670
0 0.581325 0.289621 0.062249 0.023438
0 0.582329 0.264509 0.068273 0.022321
1 0.554217 0.534598 0.220884 0.589286
