0 0.558654 0.847122 0.101923 0.051559
0 0.563462 0.791966 0.092308 0.044365
0 0.568269 0.738010 0.094231 0.041966
0 0.557692 0.690647 0.096154 0.043165
0 0.539423 0.651079 0.094231 0.040767
0 0.518269 0.612710 0.082692 0.040767
0 0.502885 0.579736 0.063462 0.027578
0 0.501923 0.549760 0.061538 0.027578
0 0.503846 0.523981 0.053846 0.023981
0 0.510577 0.500000 0.055769 0.023981
0 0.516346 0.480216 0.055769 0.017986
0 0.516346 0.456235 0.055769 0.025180
0 0.519231 0.429257 0.053846 0.026379
0 0.521154 0.396283 0.057692 0.029976
0 0.527885 0.366906 0.055769 0.028777
0 0.535577 0.335731 0.059615 0.028777
1 0.548077 0.598321 0.203846 0.589928
