0 0.460199 0.949128 0.094527 0.043605
0 0.467662 0.898256 0.089552 0.040698
0 0.470149 0.850291 0.084577 0.037791
0 0.462687 0.803779 0.099502 0.043605
0 0.450249 0.763081 0.094527 0.037791
0 0.437811 0.725291 0.089552 0.037791
0 0.435323 0.687500 0.074627 0.031977
0 0.435323 0.651163 0.064677 0.029070
0 0.435323 0.619186 0.064677 0.029070
0 0.440299 0.585756 0.054726 0.026163
0 0.447761 0.553779 0.049751 0.026163
0 0.455224 0.518895 0.044776 0.026163
0 0.457711 0.488372 0.049751 0.023256
1 0.455224 0.726744 0.184080 0.523256
