0 0.551876 0.748881 0.114790 0.036913
0 0.543046 0.706376 0.110375 0.032438
0 0.543046 0.664989 0.105960 0.032438
0 0.540839 0.624720 0.105960 0.032438
0 0.549669 0.587248 0.101545 0.031320
0 0.555188 0.552013 0.103753 0.034676
0 0.565121 0.520134 0.088300 0.029083
0 0.572848 0.489374 0.086093 0.025727
0 0.577263 0.460291 0.077263 0.023490
0 0.576159 0.432886 0.070640 0.022371
0 0.569536 0.405481 0.070640 0.025727
0 0.555188 0.378635 0.068433 0.025727
0 0.546358 0.351230 0.064018 0.024609
0 0.543046 0.324385 0.066225 0.022371
0 0.544150 0.300895 0.068433 0.022371
0 0.547461 0.278523 0.066225 0.020134
1 0.560706 0.520134 0.207506 0.519016
