0 0.530023 0.825260 0.094688 0.051903
0 0.516166 0.774221 0.090069 0.046713
0 0.502309 0.729239 0.085450 0.043253
0 0.490762 0.684256 0.080831 0.043253
0 0.486143 0.636678 0.076212 0.041522
0 0.484988 0.592561 0.078522 0.036332
0 0.489607 0.551903 0.069284 0.034602
0 0.494226 0.514706 0.069284 0.036332
0 0.504619 0.479239 0.062356 0.031142
0 0.509238 0.444637 0.062356 0.031142
0 0.516166 0.412630 0.062356 0.029412
0 0.521940 0.378893 0.060046 0.031142
0 0.521940 0.348616 0.050808 0.025952
0 0.525404 0.318339 0.053118 0.027682
1 0.515012 0.580450 0.180139 0.586505
