0 0.573446 0.926238 0.209040 0.084299
0 0.538606 0.843519 0.203390 0.081138
0 0.514124 0.757640 0.188324 0.075869
0 0.486817 0.681770 0.160075 0.063224
0 0.487759 0.609062 0.165725 0.056902
0 0.492467 0.539515 0.156309 0.065332
0 0.498117 0.477871 0.145009 0.057956
0 0.504708 0.419389 0.135593 0.052687
0 0.514124 0.363541 0.124294 0.050580
0 0.518832 0.309800 0.114878 0.048472
0 0.528249 0.258166 0.111111 0.046365
0 0.530132 0.204426 0.111111 0.040042
0 0.529190 0.152792 0.097928 0.044257
0 0.530132 0.101686 0.096045 0.036881
0 0.524482 0.052687 0.099812 0.033720
1 0.522599 0.505796 0.404896 0.969442
