0 0.522308 0.680407 0.100000 0.058887
0 0.507692 0.631156 0.086154 0.039615
0 0.503077 0.589936 0.080000 0.034261
0 0.513077 0.549786 0.087692 0.048180
0 0.531538 0.511777 0.084615 0.047109
0 0.557692 0.478051 0.075385 0.046039
0 0.579231 0.448608 0.072308 0.042827
0 0.597692 0.418094 0.075385 0.039615
0 0.607692 0.390257 0.070769 0.031049
0 0.611538 0.364026 0.066154 0.025696
0 0.606154 0.337259 0.064615 0.027837
0 0.589231 0.313169 0.055385 0.031049
0 0.574615 0.285332 0.053846 0.031049
0 0.560000 0.259101 0.052308 0.029979
0 0.547692 0.235546 0.055385 0.027837
0 0.537692 0.210385 0.053846 0.026767
1 0.554615 0.457709 0.235385 0.542827
