0 0.556926 0.691774 0.085389 0.041667
0 0.569260 0.650107 0.087287 0.037393
0 0.579696 0.613248 0.074004 0.029915
0 0.578748 0.574786 0.068311 0.025641
0 0.577799 0.542735 0.081594 0.027778
0 0.570209 0.508013 0.077799 0.026709
0 0.562619 0.477564 0.066414 0.025641
0 0.555028 0.448184 0.055028 0.022436
0 0.551233 0.419872 0.062619 0.023504
0 0.551233 0.395299 0.055028 0.019231
0 0.545541 0.368590 0.051233 0.021368
0 0.542694 0.341880 0.045541 0.021368
0 0.536053 0.316239 0.047438 0.023504
0 0.529412 0.286859 0.053131 0.022436
0 0.520873 0.264957 0.051233 0.023504
1 0.556926 0.487179 0.195446 0.482906
