0 0.518900 0.750000 0.096220 0.046841
0 0.530928 0.703159 0.099656 0.042484
0 0.542955 0.658497 0.092784 0.044662
0 0.557560 0.617102 0.087629 0.040305
0 0.572165 0.575708 0.089347 0.042484
0 0.598797 0.541394 0.084192 0.041394
0 0.609966 0.511983 0.075601 0.030501
0 0.626289 0.486383 0.080756 0.031590
0 0.634021 0.461874 0.065292 0.019608
0 0.634021 0.438453 0.058419 0.025054
0 0.631443 0.412854 0.060137 0.030501
0 0.619416 0.387800 0.056701 0.030501
0 0.607388 0.365468 0.067010 0.035948
0 0.590206 0.339869 0.067010 0.034858
1 0.568729 0.549564 0.261168 0.484749
