0 0.443074 0.691774 0.085389 0.041667
0 0.430740 0.650107 0.087287 0.037393
0 0.420304 0.613248 0.074004 0.029915
0 0.421252 0.574786 0.068311 0.025641
0 0.422201 0.542735 0.081594 0.027778
0 0.429791 0.508013 0.077799 0.026709
0 0.437381 0.477564 0.066414 0.025641
0 0.444972 0.448184 0.055028 0.022436
0 0.448767 0.419872 0.062619 0.023504
0 0.448767 0.395299 0.055028 0.019231
0 0.454459 0.368590 0.051233 0.021368
0 0.457306 0.341880 0.045541 0.021368
0 0.463947 0.316239 0.047438 0.023504
0 0.470588 0.286859 0.053131 0.022436
0 0.479127 0.264957 0.051233 0.023504
1 0.443074 0.487179 0.195446 0.482906
