0 0.521253 0.936596 0.111857 0.086763
0 0.539709 0.864850 0.110738 0.081201
0 0.549776 0.796997 0.090604 0.061179
0 0.548098 0.727475 0.087248 0.055617
0 0.541387 0.667964 0.082774 0.056730
0 0.531879 0.611235 0.079418 0.050056
0 0.524049 0.558398 0.074944 0.051168
0 0.513982 0.505006 0.070470 0.051168
0 0.506711 0.456062 0.069351 0.046719
0 0.500559 0.404338 0.065996 0.041157
0 0.501678 0.354839 0.059284 0.037820
0 0.500000 0.307008 0.060403 0.037820
0 0.499441 0.265851 0.054810 0.037820
1 0.534676 0.607898 0.185682 0.773081
