0 0.520742 0.729713 0.128821 0.068664
0 0.566594 0.684769 0.124454 0.058677
0 0.597162 0.643571 0.111354 0.046192
0 0.592795 0.596130 0.120087 0.051186
0 0.553493 0.554307 0.128821 0.052434
0 0.503275 0.521223 0.120087 0.053683
0 0.463974 0.491885 0.111354 0.052434
0 0.435590 0.455056 0.102620 0.041199
0 0.433406 0.420100 0.076419 0.028714
0 0.426856 0.386392 0.085153 0.031211
0 0.448690 0.355805 0.085153 0.037453
0 0.468341 0.323346 0.080786 0.032459
0 0.481441 0.294007 0.076419 0.031211
0 0.485808 0.259051 0.072052 0.033708
0 0.484716 0.225968 0.074236 0.027466
0 0.483624 0.198502 0.080786 0.024969
0 0.487991 0.171036 0.089520 0.024969
1 0.531659 0.472534 0.355895 0.667915
