0 0.477956 0.901911 0.094188 0.040764
0 0.484970 0.854777 0.096192 0.038217
0 0.494990 0.812102 0.088176 0.036943
0 0.495992 0.772611 0.078156 0.031847
0 0.496994 0.735669 0.080160 0.031847
0 0.495992 0.701274 0.082164 0.029299
0 0.487976 0.669427 0.078156 0.029299
0 0.478958 0.638854 0.060120 0.026752
0 0.476954 0.605732 0.052104 0.024204
0 0.477956 0.575796 0.050100 0.025478
0 0.475952 0.545860 0.046092 0.024204
0 0.475952 0.516561 0.046092 0.024204
0 0.474950 0.487898 0.044088 0.025478
0 0.474950 0.457962 0.040080 0.024204
0 0.475952 0.431847 0.042084 0.020382
0 0.475952 0.408280 0.042084 0.019108
1 0.477956 0.655414 0.158317 0.554140
