0 0.502304 0.730864 0.110599 0.044444
0 0.493088 0.687654 0.119816 0.046914
0 0.481567 0.645679 0.096774 0.037037
0 0.490783 0.600000 0.096774 0.034568
0 0.497696 0.559259 0.101382 0.037037
0 0.516129 0.520988 0.110599 0.044444
0 0.532258 0.487654 0.096774 0.037037
0 0.548387 0.455556 0.092166 0.032099
0 0.550691 0.423457 0.087558 0.027160
0 0.548387 0.392593 0.073733 0.029630
0 0.536866 0.361728 0.059908 0.032099
0 0.518433 0.335802 0.069124 0.029630
0 0.506912 0.313580 0.064516 0.029630
0 0.490783 0.287654 0.078341 0.032099
0 0.481567 0.260494 0.069124 0.027160
1 0.509217 0.502469 0.225806 0.535802
