0 0.489152 0.739407 0.086785 0.033898
0 0.500986 0.698623 0.098619 0.041314
0 0.529586 0.659958 0.088757 0.040254
0 0.547337 0.624470 0.092702 0.037076
0 0.556213 0.590042 0.082840 0.033898
0 0.558185 0.553496 0.074951 0.028602
0 0.561144 0.519597 0.072978 0.024364
0 0.558185 0.488347 0.067061 0.023305
0 0.553254 0.459746 0.061144 0.025424
0 0.547337 0.433263 0.065089 0.029661
0 0.532544 0.406780 0.059172 0.027542
0 0.516765 0.383475 0.059172 0.025424
0 0.501972 0.361229 0.057199 0.025424
0 0.494083 0.338453 0.049310 0.024364
0 0.489152 0.313030 0.051282 0.020127
0 0.485207 0.289195 0.059172 0.016949
1 0.520710 0.520127 0.193294 0.506356
