0 0.488908 0.723795 0.104096 0.036688
0 0.490614 0.674528 0.097270 0.047170
0 0.490614 0.625262 0.090444 0.042977
0 0.487201 0.582285 0.080205 0.032495
0 0.488908 0.545073 0.076792 0.031447
0 0.486348 0.513103 0.081911 0.028302
0 0.485495 0.482704 0.069966 0.022013
0 0.482935 0.453354 0.058020 0.028302
0 0.482935 0.421908 0.058020 0.024109
0 0.477816 0.394130 0.061433 0.025157
0 0.468430 0.364780 0.059727 0.027254
0 0.470137 0.332285 0.066553 0.031447
0 0.470990 0.302411 0.051195 0.026205
0 0.470990 0.273061 0.058020 0.028302
0 0.476962 0.248428 0.059727 0.025157
0 0.485495 0.227987 0.063140 0.022013
1 0.479522 0.481132 0.153584 0.542977
