0 0.457031 0.789845 0.111979 0.050776
0 0.447917 0.741185 0.093750 0.040903
0 0.442708 0.700282 0.093750 0.038082
0 0.432292 0.664316 0.083333 0.031030
0 0.428385 0.636107 0.075521 0.025388
0 0.424479 0.606488 0.072917 0.028209
0 0.430990 0.573343 0.080729 0.032440
0 0.429688 0.533145 0.088542 0.036671
0 0.442708 0.494358 0.093750 0.032440
0 0.460938 0.457687 0.078125 0.035261
0 0.480469 0.421721 0.065104 0.031030
0 0.494792 0.389281 0.067708 0.031030
0 0.503906 0.362482 0.054688 0.025388
0 0.509115 0.338505 0.054688 0.019746
0 0.511719 0.313117 0.049479 0.019746
1 0.457031 0.571932 0.216146 0.531735
