0 0.522044 0.901911 0.094188 0.040764
0 0.515030 0.854777 0.096192 0.038217
0 0.505010 0.812102 0.088176 0.036943
0 0.504008 0.772611 0.078156 0.031847
0 0.503006 0.735669 0.080160 0.031847
0 0.504008 0.701274 0.082164 0.029299
0 0.512024 0.669427 0.078156 0.029299
0 0.521042 0.638854 0.060120 0.026752
0 0.523046 0.605732 0.052104 0.024204
0 0.522044 0.575796 0.050100 0.025478
0 0.524048 0.545860 0.046092 0.024204
0 0.524048 0.516561 0.046092 0.024204
0 0.525050 0.487898 0.044088 0.025478
0 0.525050 0.457962 0.040080 0.024204
0 0.524048 0.431847 0.042084 0.020382
0 0.524048 0.408280 0.042084 0.019108
1 0.522044 0.655414 0.158317 0.554140
