0 0.435417 0.839895 0.151389 0.061680
0 0.382639 0.805118 0.120833 0.056430
0 0.341667 0.764436 0.125000 0.044619
0 0.342361 0.726050 0.129167 0.041339
0 0.377083 0.691273 0.129167 0.047900
0 0.429167 0.657808 0.130556 0.051837
0 0.478472 0.628937 0.126389 0.046588
0 0.500000 0.597441 0.100000 0.033465
0 0.500694 0.565617 0.073611 0.026247
0 0.496528 0.535433 0.081944 0.031496
0 0.473611 0.507218 0.091667 0.036745
0 0.443750 0.476378 0.098611 0.035433
0 0.425000 0.448491 0.086111 0.036089
0 0.420139 0.419619 0.076389 0.028215
0 0.412500 0.392060 0.077778 0.026903
0 0.409722 0.365157 0.088889 0.024278
1 0.411806 0.611549 0.323611 0.557743
