0 0.528340 0.773474 0.117409 0.058685
0 0.555668 0.726526 0.111336 0.053991
0 0.578947 0.683685 0.105263 0.050469
0 0.593117 0.649648 0.101215 0.041080
0 0.600202 0.624413 0.078947 0.032864
0 0.603239 0.603873 0.076923 0.024648
0 0.600202 0.577465 0.066802 0.032864
0 0.582996 0.548709 0.064777 0.024648
0 0.569838 0.525235 0.058704 0.024648
0 0.556680 0.502934 0.060729 0.022300
0 0.538462 0.478286 0.068826 0.026995
0 0.528340 0.450704 0.060729 0.025822
0 0.530364 0.420188 0.056680 0.025822
0 0.533401 0.391432 0.058704 0.026995
0 0.537449 0.361502 0.058704 0.028169
0 0.542510 0.332746 0.052632 0.022300
0 0.540486 0.304577 0.056680 0.022300
1 0.545547 0.552230 0.244939 0.545775
