0 0.488836 0.868537 0.078150 0.051705
0 0.480064 0.820682 0.079745 0.041804
0 0.485646 0.770077 0.084530 0.041804
0 0.502392 0.729373 0.079745 0.044004
0 0.520734 0.691419 0.071770 0.040704
0 0.534290 0.657866 0.063796 0.033003
0 0.542265 0.624862 0.047847 0.024202
0 0.539075 0.594059 0.047847 0.024202
0 0.534290 0.562706 0.044657 0.025303
0 0.533493 0.532453 0.046252 0.026403
0 0.530303 0.502750 0.046252 0.024202
0 0.527911 0.475248 0.044657 0.024202
0 0.523126 0.447195 0.044657 0.023102
0 0.519936 0.419692 0.047847 0.020902
0 0.516746 0.392739 0.044657 0.022002
1 0.511164 0.647415 0.183413 0.551155
