0 0.487395 0.830383 0.123249 0.032448
0 0.490196 0.786136 0.106443 0.035398
0 0.487395 0.741888 0.106443 0.035398
0 0.488796 0.702065 0.109244 0.029499
0 0.484594 0.667404 0.106443 0.028024
0 0.481793 0.629794 0.095238 0.038348
0 0.478992 0.591445 0.089636 0.029499
0 0.488796 0.556785 0.092437 0.028024
0 0.491597 0.522861 0.086835 0.028024
0 0.494398 0.489676 0.086835 0.026549
0 0.500000 0.456490 0.075630 0.030973
0 0.501401 0.424779 0.078431 0.029499
0 0.507003 0.394543 0.067227 0.025074
0 0.508403 0.367257 0.070028 0.023599
0 0.512605 0.340708 0.072829 0.020649
0 0.516807 0.317109 0.075630 0.020649
2 0.490196 0.568584 0.179272 0.573746
