0 0.494071 0.847471 0.118577 0.034258
0 0.486166 0.808320 0.118577 0.037520
0 0.478261 0.769168 0.110672 0.030995
0 0.482213 0.731648 0.110672 0.030995
0 0.492095 0.697390 0.106719 0.030995
0 0.505929 0.666395 0.110672 0.027732
0 0.515810 0.636215 0.090909 0.022838
0 0.517787 0.608483 0.086957 0.022838
0 0.519763 0.582382 0.083004 0.022838
0 0.521739 0.556281 0.071146 0.022838
0 0.517787 0.531811 0.063241 0.019576
0 0.517787 0.508157 0.055336 0.017945
0 0.519763 0.486949 0.059289 0.017945
0 0.515810 0.462480 0.059289 0.021207
0 0.507905 0.435563 0.067194 0.022838
1 0.490119 0.644372 0.205534 0.476346
