0 0.470942 0.686140 0.112224 0.034364
0 0.475952 0.645475 0.090180 0.035510
0 0.478958 0.605384 0.092184 0.033219
0 0.483968 0.565865 0.086172 0.034364
0 0.484970 0.530355 0.080160 0.029782
0 0.482966 0.495418 0.084168 0.028637
0 0.472946 0.463345 0.084168 0.026346
0 0.473948 0.430699 0.066132 0.034364
0 0.476954 0.402062 0.068136 0.025200
0 0.463928 0.375716 0.062124 0.022910
0 0.459920 0.352234 0.058116 0.021764
0 0.460922 0.324170 0.068136 0.025200
0 0.465932 0.294387 0.070140 0.025200
0 0.462926 0.267468 0.064128 0.019473
2 0.463928 0.483963 0.174349 0.493700
