0 0.495665 0.768601 0.112717 0.034226
0 0.497110 0.726935 0.109827 0.037202
0 0.508671 0.687500 0.104046 0.041667
0 0.528902 0.649554 0.104046 0.043155
0 0.550578 0.612351 0.106936 0.040179
0 0.573699 0.579613 0.095376 0.034226
0 0.582370 0.548363 0.083815 0.028274
0 0.585260 0.520089 0.072254 0.022321
0 0.578035 0.491815 0.075145 0.025298
0 0.567919 0.464286 0.072254 0.026786
0 0.552023 0.439732 0.069364 0.025298
0 0.543353 0.415179 0.075145 0.026786
0 0.533237 0.389137 0.066474 0.025298
0 0.528902 0.363839 0.063584 0.022321
0 0.527457 0.340030 0.066474 0.022321
1 0.543353 0.558036 0.271676 0.479167
