0 0.468985 0.787537 0.099624 0.044161
0 0.463346 0.741904 0.084586 0.037291
0 0.479323 0.700687 0.093985 0.039254
0 0.504699 0.663395 0.092105 0.037291
0 0.524436 0.629048 0.097744 0.031403
0 0.524436 0.593719 0.097744 0.033366
0 0.521617 0.559372 0.088346 0.029441
0 0.522556 0.528459 0.078947 0.026497
0 0.517857 0.498528 0.069549 0.023553
0 0.515038 0.470069 0.063910 0.029441
0 0.505639 0.438665 0.060150 0.029441
0 0.499060 0.409715 0.058271 0.024534
0 0.493421 0.379293 0.058271 0.028459
0 0.491541 0.347890 0.062030 0.022571
0 0.490602 0.322375 0.052632 0.022571
0 0.490602 0.295878 0.052632 0.020608
1 0.489662 0.547596 0.227444 0.563297
