0 0.609510 0.827004 0.146974 0.039381
0 0.593660 0.783404 0.132565 0.045007
0 0.560519 0.741913 0.141210 0.054852
0 0.520173 0.703235 0.135447 0.056259
0 0.482709 0.661041 0.129683 0.045007
0 0.463977 0.621660 0.103746 0.030942
0 0.459654 0.584388 0.095101 0.029536
0 0.471182 0.547820 0.100865 0.035162
0 0.500000 0.516174 0.095101 0.036568
0 0.528818 0.488748 0.095101 0.035162
0 0.556196 0.460619 0.092219 0.035162
0 0.586455 0.432489 0.089337 0.035162
0 0.609510 0.405063 0.083573 0.030942
0 0.625360 0.376934 0.069164 0.028129
0 0.628242 0.348101 0.063401 0.021097
0 0.621037 0.319269 0.077810 0.025316
1 0.557637 0.570323 0.348703 0.578059
