0 0.514764 0.763091 0.108268 0.057471
0 0.546260 0.717114 0.088583 0.054917
0 0.556102 0.667305 0.076772 0.042146
0 0.548228 0.620690 0.088583 0.040868
0 0.530512 0.574713 0.096457 0.048531
0 0.509843 0.536398 0.090551 0.043423
0 0.491142 0.500639 0.084646 0.040868
0 0.476378 0.467433 0.082677 0.035760
0 0.468504 0.432950 0.070866 0.028097
0 0.466535 0.400383 0.066929 0.026820
0 0.468504 0.371009 0.062992 0.029374
0 0.472441 0.339719 0.055118 0.028097
0 0.477362 0.312261 0.045276 0.026820
0 0.482283 0.281609 0.043307 0.026820
1 0.506890 0.531290 0.230315 0.577267
