0 0.419569 0.318875 0.072968 0.027645
0 0.436153 0.344614 0.063018 0.023832
0 0.452736 0.371306 0.066335 0.025739
0 0.469320 0.399428 0.059701 0.026692
0 0.480100 0.431363 0.051410 0.025739
0 0.487562 0.465205 0.053068 0.024786
0 0.493367 0.498093 0.058043 0.027645
0 0.488391 0.531459 0.064677 0.029552
0 0.481758 0.568637 0.077944 0.037178
0 0.470149 0.606768 0.081260 0.037178
0 0.456053 0.645377 0.089552 0.038132
0 0.441957 0.687321 0.087894 0.034318
0 0.432836 0.733079 0.072968 0.028599
0 0.436153 0.779790 0.079602 0.036225
0 0.451907 0.827455 0.094527 0.045758
0 0.461857 0.872259 0.094527 0.041945
1 0.463516 0.594852 0.200663 0.615825
