0 0.470460 0.673383 0.131291 0.040297
0 0.454048 0.632025 0.111597 0.036055
0 0.445295 0.589608 0.102845 0.033934
0 0.436543 0.553022 0.102845 0.034995
0 0.436543 0.517497 0.102845 0.031813
0 0.445295 0.486214 0.107221 0.037116
0 0.461707 0.456522 0.100656 0.032874
0 0.468271 0.425239 0.100656 0.027572
0 0.484683 0.395546 0.089716 0.033934
0 0.498906 0.366384 0.087527 0.032874
0 0.512035 0.336691 0.078775 0.026511
0 0.521882 0.308590 0.080963 0.023330
0 0.527352 0.283139 0.074398 0.025451
0 0.533917 0.255037 0.070022 0.022269
0 0.539387 0.227466 0.076586 0.024390
0 0.537199 0.199894 0.076586 0.022269
1 0.485777 0.446978 0.240700 0.527041
