0 0.473244 0.767519 0.105909 0.068966
0 0.491639 0.686874 0.115942 0.078977
0 0.517837 0.614572 0.105909 0.083426
0 0.536789 0.547831 0.101449 0.072303
0 0.544593 0.483315 0.085842 0.056730
0 0.537347 0.421023 0.084727 0.056730
0 0.535117 0.364294 0.082497 0.052280
0 0.526198 0.315350 0.078038 0.058954
0 0.519509 0.264182 0.073579 0.056730
0 0.515050 0.211902 0.069119 0.050056
0 0.508361 0.162959 0.064660 0.043382
0 0.506689 0.112903 0.056856 0.038932
0 0.506689 0.066185 0.056856 0.038932
1 0.506132 0.418799 0.247492 0.815350
