0 0.586918 0.796447 0.098566 0.031472
0 0.591398 0.760406 0.093190 0.032487
0 0.591398 0.723858 0.089606 0.032487
0 0.585125 0.688325 0.087814 0.028426
0 0.581541 0.654315 0.091398 0.027411
0 0.575269 0.621827 0.086022 0.029442
0 0.568100 0.591371 0.075269 0.027411
0 0.562724 0.563959 0.071685 0.025381
0 0.556452 0.536041 0.066308 0.024365
0 0.555556 0.509137 0.057348 0.023350
0 0.558244 0.484264 0.055556 0.020305
0 0.561828 0.459898 0.048387 0.022335
0 0.561828 0.433503 0.048387 0.020305
0 0.567204 0.407614 0.051971 0.019289
1 0.580645 0.607107 0.168459 0.438579
