0 0.400744 0.868421 0.106700 0.052632
0 0.414392 0.807301 0.124069 0.052632
0 0.433002 0.745331 0.126551 0.057725
0 0.464020 0.692699 0.124069 0.054329
0 0.488834 0.640917 0.119107 0.056027
0 0.513648 0.591681 0.129032 0.056027
0 0.542184 0.543294 0.101737 0.044143
0 0.540943 0.492360 0.104218 0.044143
0 0.537221 0.443973 0.091811 0.045840
0 0.535980 0.397284 0.084367 0.044143
0 0.532258 0.356537 0.086849 0.044143
0 0.526055 0.309847 0.089330 0.049236
0 0.522333 0.260611 0.091811 0.049236
0 0.526055 0.213073 0.089330 0.049236
1 0.471464 0.535654 0.282878 0.752122
