0 0.479675 0.740642 0.113821 0.043850
0 0.503049 0.698396 0.107724 0.042781
0 0.523374 0.658824 0.107724 0.044920
0 0.534553 0.618717 0.097561 0.037433
0 0.537602 0.583422 0.079268 0.031016
0 0.531504 0.548128 0.079268 0.028877
0 0.516260 0.519251 0.073171 0.026738
0 0.505081 0.489840 0.067073 0.027807
0 0.495935 0.463102 0.060976 0.025668
0 0.483740 0.436898 0.056911 0.024599
0 0.475610 0.411230 0.048780 0.022460
0 0.474593 0.384492 0.050813 0.024599
0 0.475610 0.356684 0.052846 0.022460
0 0.482724 0.332620 0.050813 0.021390
0 0.487805 0.309626 0.052846 0.018182
0 0.493902 0.285027 0.056911 0.020321
1 0.497967 0.522995 0.227642 0.515508
