0 0.483471 0.847312 0.123967 0.043011
0 0.458678 0.804301 0.099174 0.038710
0 0.452479 0.759140 0.095041 0.034409
0 0.462810 0.716129 0.115702 0.047312
0 0.487603 0.670968 0.115702 0.051613
0 0.514463 0.636559 0.103306 0.047312
0 0.545455 0.605376 0.099174 0.040860
0 0.566116 0.575269 0.090909 0.036559
0 0.578512 0.545161 0.074380 0.027957
0 0.574380 0.512903 0.082645 0.027957
0 0.561983 0.483871 0.082645 0.030108
0 0.545455 0.453763 0.066116 0.030108
0 0.524793 0.431183 0.074380 0.032258
0 0.506198 0.402151 0.078512 0.034409
0 0.500000 0.375269 0.074380 0.027957
1 0.506198 0.616129 0.243802 0.535484
