0 0.492515 0.759789 0.110778 0.040663
0 0.507485 0.719880 0.104790 0.036145
0 0.514970 0.676958 0.089820 0.031627
0 0.510479 0.637801 0.092814 0.034639
0 0.500000 0.600151 0.095808 0.034639
0 0.488024 0.566265 0.101796 0.036145
0 0.474551 0.535392 0.098802 0.034639
0 0.459581 0.504518 0.080838 0.030120
0 0.449102 0.476657 0.077844 0.025602
0 0.449102 0.446536 0.071856 0.022590
0 0.455090 0.419428 0.065868 0.022590
0 0.468563 0.393072 0.062874 0.027108
0 0.483533 0.368223 0.056886 0.025602
0 0.492515 0.343373 0.056886 0.024096
0 0.501497 0.318524 0.056886 0.022590
1 0.479042 0.545934 0.221557 0.501506
