0 0.511092 0.723795 0.104096 0.036688
0 0.509386 0.674528 0.097270 0.047170
0 0.509386 0.625262 0.090444 0.042977
0 0.512799 0.582285 0.080205 0.032495
0 0.511092 0.545073 0.076792 0.031447
0 0.513652 0.513103 0.081911 0.028302
0 0.514505 0.482704 0.069966 0.022013
0 0.517065 0.453354 0.058020 0.028302
0 0.517065 0.421908 0.058020 0.024109
0 0.522184 0.394130 0.061433 0.025157
0 0.531570 0.364780 0.059727 0.027254
0 0.529863 0.332285 0.066553 0.031447
0 0.529010 0.302411 0.051195 0.026205
0 0.529010 0.273061 0.058020 0.028302
0 0.523038 0.248428 0.059727 0.025157
0 0.514505 0.227987 0.063140 0.022013
1 0.520478 0.481132 0.153584 0.542977
