0 0.547809 0.786157 0.115538 0.047521
0 0.559761 0.738636 0.099602 0.039256
0 0.547809 0.700413 0.107570 0.045455
0 0.527888 0.660124 0.115538 0.051653
0 0.494024 0.625000 0.103586 0.043388
0 0.468127 0.594008 0.107570 0.047521
0 0.442231 0.561983 0.095618 0.037190
0 0.428287 0.530992 0.083665 0.024793
0 0.434263 0.505165 0.071713 0.026860
0 0.442231 0.478306 0.087649 0.030992
0 0.462151 0.451446 0.071713 0.030992
0 0.482072 0.425620 0.071713 0.028926
0 0.490040 0.399793 0.063745 0.026860
0 0.505976 0.373967 0.071713 0.024793
1 0.496016 0.586777 0.274900 0.471074
