0 0.577061 0.842409 0.114695 0.037954
0 0.580645 0.797030 0.121864 0.036304
0 0.593190 0.756601 0.111111 0.028053
0 0.587814 0.721947 0.100358 0.028053
0 0.584229 0.689769 0.093190 0.026403
0 0.580645 0.659241 0.100358 0.031353
0 0.566308 0.631188 0.093190 0.031353
0 0.553763 0.603960 0.089606 0.029703
0 0.541219 0.576733 0.071685 0.024752
0 0.543011 0.551980 0.068100 0.021452
0 0.544803 0.527228 0.071685 0.021452
0 0.548387 0.501650 0.071685 0.019802
0 0.544803 0.476898 0.071685 0.023102
0 0.544803 0.451320 0.064516 0.021452
0 0.544803 0.428218 0.064516 0.021452
0 0.539427 0.405941 0.060932 0.019802
1 0.568100 0.626238 0.211470 0.506601
