0 0.596774 0.828999 0.131514 0.045514
0 0.570720 0.793238 0.119107 0.044213
0 0.542184 0.752926 0.101737 0.049415
0 0.516129 0.719766 0.089330 0.037711
0 0.502481 0.678153 0.086849 0.037711
0 0.516129 0.640442 0.094293 0.037711
0 0.532258 0.604681 0.086849 0.033810
0 0.542184 0.572822 0.076923 0.032510
0 0.554591 0.544213 0.071960 0.027308
0 0.565757 0.513004 0.064516 0.024707
0 0.562035 0.485696 0.057072 0.024707
0 0.552109 0.459688 0.057072 0.024707
0 0.548387 0.431079 0.054591 0.027308
0 0.540943 0.403771 0.059553 0.027308
0 0.534739 0.376463 0.062035 0.022107
1 0.563275 0.604681 0.263027 0.525358
