0 0.432500 0.629747 0.110000 0.027426
0 0.437500 0.593354 0.130000 0.034810
0 0.466250 0.561709 0.137500 0.045359
0 0.500000 0.531646 0.140000 0.046414
0 0.538750 0.502110 0.122500 0.035865
0 0.553750 0.473101 0.092500 0.024262
0 0.556250 0.443565 0.102500 0.024262
0 0.547500 0.417194 0.095000 0.028481
0 0.523750 0.393987 0.092500 0.028481
0 0.498750 0.373418 0.082500 0.027426
0 0.473750 0.352321 0.082500 0.027426
0 0.452500 0.330169 0.080000 0.027426
0 0.427500 0.309599 0.070000 0.024262
0 0.412500 0.290084 0.065000 0.018987
0 0.408750 0.268987 0.062500 0.014768
0 0.415000 0.247890 0.065000 0.016878
1 0.481250 0.434072 0.297500 0.446203
