0 0.503584 0.726190 0.161290 0.047619
0 0.485663 0.687169 0.132616 0.035714
0 0.482079 0.647487 0.132616 0.033069
0 0.485663 0.612434 0.125448 0.031746
0 0.512545 0.580026 0.150538 0.035714
0 0.546595 0.550926 0.118280 0.030423
0 0.582437 0.525132 0.111111 0.026455
0 0.587814 0.496693 0.093190 0.027778
0 0.578853 0.463624 0.096774 0.025132
0 0.559140 0.437831 0.093190 0.021164
0 0.544803 0.413360 0.086022 0.022487
0 0.528674 0.392857 0.082437 0.021164
0 0.514337 0.368386 0.075269 0.022487
0 0.498208 0.346561 0.086022 0.021164
1 0.537634 0.550265 0.308244 0.449735
