0 0.504335 0.768601 0.112717 0.034226
0 0.502890 0.726935 0.109827 0.037202
0 0.491329 0.687500 0.104046 0.041667
0 0.471098 0.649554 0.104046 0.043155
0 0.449422 0.612351 0.106936 0.040179
0 0.426301 0.579613 0.095376 0.034226
0 0.417630 0.548363 0.083815 0.028274
0 0.414740 0.520089 0.072254 0.022321
0 0.421965 0.491815 0.075145 0.025298
0 0.432081 0.464286 0.072254 0.026786
0 0.447977 0.439732 0.069364 0.025298
0 0.456647 0.415179 0.075145 0.026786
0 0.466763 0.389137 0.066474 0.025298
0 0.471098 0.363839 0.063584 0.022321
0 0.472543 0.340030 0.066474 0.022321
1 0.456647 0.558036 0.271676 0.479167
