0 0.528436 0.812500 0.127962 0.052778
0 0.549763 0.765278 0.113744 0.047222
0 0.561611 0.720833 0.090047 0.036111
0 0.563981 0.672222 0.094787 0.038889
0 0.554502 0.629167 0.104265 0.041667
0 0.547393 0.591667 0.090047 0.038889
0 0.535545 0.554167 0.085308 0.036111
0 0.528436 0.518056 0.090047 0.030556
0 0.526066 0.481944 0.094787 0.030556
0 0.528436 0.447222 0.090047 0.033333
0 0.526066 0.413889 0.075829 0.027778
0 0.521327 0.379167 0.066351 0.025000
0 0.523697 0.347222 0.061611 0.027778
0 0.526066 0.313889 0.066351 0.027778
0 0.526066 0.281944 0.075829 0.025000
1 0.530806 0.558333 0.227488 0.600000
