0 0.524324 0.784861 0.135135 0.053121
0 0.500000 0.734396 0.118919 0.047809
0 0.472973 0.688579 0.108108 0.041169
0 0.481081 0.644754 0.108108 0.035857
0 0.489189 0.606242 0.108108 0.038513
0 0.505405 0.569721 0.102703 0.039841
0 0.521622 0.534529 0.097297 0.035857
0 0.524324 0.501992 0.091892 0.029216
0 0.528378 0.469456 0.083784 0.025232
0 0.528378 0.438247 0.083784 0.026560
0 0.527027 0.407039 0.081081 0.027888
0 0.518919 0.378486 0.075676 0.026560
0 0.512162 0.349934 0.072973 0.027888
0 0.501351 0.320717 0.067568 0.025232
0 0.495946 0.292829 0.078378 0.025232
0 0.491892 0.263612 0.070270 0.027888
1 0.520270 0.531873 0.240541 0.593625
