0 0.529540 0.673383 0.131291 0.040297
0 0.545952 0.632025 0.111597 0.036055
0 0.554705 0.589608 0.102845 0.033934
0 0.563457 0.553022 0.102845 0.034995
0 0.563457 0.517497 0.102845 0.031813
0 0.554705 0.486214 0.107221 0.037116
0 0.538293 0.456522 0.100656 0.032874
0 0.531729 0.425239 0.100656 0.027572
0 0.515317 0.395546 0.089716 0.033934
0 0.501094 0.366384 0.087527 0.032874
0 0.487965 0.336691 0.078775 0.026511
0 0.478118 0.308590 0.080963 0.023330
0 0.472648 0.283139 0.074398 0.025451
0 0.466083 0.255037 0.070022 0.022269
0 0.460613 0.227466 0.076586 0.024390
0 0.462801 0.199894 0.076586 0.022269
1 0.514223 0.446978 0.240700 0.527041
