0 0.526756 0.767519 0.105909 0.068966
0 0.508361 0.686874 0.115942 0.078977
0 0.482163 0.614572 0.105909 0.083426
0 0.463211 0.547831 0.101449 0.072303
0 0.455407 0.483315 0.085842 0.056730
0 0.462653 0.421023 0.084727 0.056730
0 0.464883 0.364294 0.082497 0.052280
0 0.473802 0.315350 0.078038 0.058954
0 0.480491 0.264182 0.073579 0.056730
0 0.484950 0.211902 0.069119 0.050056
0 0.491639 0.162959 0.064660 0.043382
0 0.493311 0.112903 0.056856 0.038932
0 0.493311 0.066185 0.056856 0.038932
1 0.493868 0.418799 0.247492 0.815350
