0 0.470732 0.788204 0.141463 0.064343
0 0.504878 0.731903 0.131707 0.064343
0 0.539024 0.678284 0.131707 0.058981
0 0.556098 0.624665 0.097561 0.042895
0 0.563415 0.575067 0.092683 0.040214
0 0.565854 0.528150 0.107317 0.032172
0 0.563415 0.483914 0.102439 0.034853
0 0.558537 0.446381 0.102439 0.034853
0 0.546341 0.398123 0.097561 0.040214
0 0.546341 0.353887 0.097561 0.032172
0 0.548780 0.321716 0.092683 0.026810
0 0.551220 0.289544 0.087805 0.026810
0 0.556098 0.258713 0.087805 0.029491
0 0.568293 0.223861 0.092683 0.029491
0 0.565854 0.190349 0.087805 0.026810
0 0.568293 0.158177 0.082927 0.026810
1 0.507317 0.485255 0.282927 0.713137
