0 0.520681 0.829545 0.097324 0.042614
0 0.535280 0.791903 0.087591 0.032670
0 0.535280 0.754261 0.092457 0.034091
0 0.524331 0.720170 0.090024 0.036932
0 0.495134 0.689631 0.080292 0.038352
0 0.474453 0.662642 0.077859 0.041193
0 0.447689 0.636364 0.077859 0.036932
0 0.429440 0.611506 0.075426 0.032670
0 0.416058 0.586648 0.068127 0.025568
0 0.412409 0.559659 0.065693 0.022727
0 0.420925 0.538352 0.058394 0.022727
0 0.434307 0.517045 0.051095 0.022727
0 0.454988 0.496449 0.048662 0.024148
0 0.468370 0.473011 0.051095 0.025568
0 0.478102 0.450994 0.051095 0.024148
1 0.472019 0.647727 0.243309 0.437500
