0 0.476793 0.812874 0.115331 0.072854
0 0.442335 0.767964 0.111111 0.068862
0 0.412799 0.720060 0.105485 0.062874
0 0.391702 0.672655 0.094233 0.059880
0 0.389592 0.627745 0.081575 0.037924
0 0.399437 0.586327 0.084388 0.040918
0 0.413502 0.550898 0.078762 0.041916
0 0.431786 0.516467 0.078762 0.042914
0 0.449367 0.483533 0.071730 0.036926
0 0.460619 0.448603 0.063291 0.032934
0 0.464135 0.415170 0.053446 0.029940
0 0.459212 0.382236 0.052039 0.029940
0 0.448664 0.348802 0.045007 0.026946
0 0.439522 0.317365 0.040788 0.027944
0 0.433193 0.287924 0.042194 0.024950
0 0.426864 0.258483 0.043601 0.021956
1 0.436006 0.547904 0.208158 0.632735
