0 0.512821 0.765476 0.153846 0.050000
0 0.525641 0.723810 0.148718 0.042857
0 0.546154 0.686905 0.138462 0.045238
0 0.569231 0.644048 0.133333 0.050000
0 0.587179 0.601190 0.117949 0.040476
0 0.582051 0.557143 0.117949 0.033333
0 0.566667 0.521429 0.117949 0.038095
0 0.543590 0.488095 0.112821 0.033333
0 0.533333 0.457143 0.112821 0.033333
0 0.520513 0.427381 0.097436 0.026190
0 0.517949 0.395238 0.082051 0.023810
0 0.517949 0.366667 0.082051 0.028571
0 0.523077 0.340476 0.071795 0.023810
0 0.535897 0.311905 0.066667 0.028571
0 0.543590 0.280952 0.061538 0.023810
0 0.541026 0.255952 0.056410 0.021429
1 0.546154 0.516667 0.282051 0.571429
