0 0.469977 0.825260 0.094688 0.051903
0 0.483834 0.774221 0.090069 0.046713
0 0.497691 0.729239 0.085450 0.043253
0 0.509238 0.684256 0.080831 0.043253
0 0.513857 0.636678 0.076212 0.041522
0 0.515012 0.592561 0.078522 0.036332
0 0.510393 0.551903 0.069284 0.034602
0 0.505774 0.514706 0.069284 0.036332
0 0.495381 0.479239 0.062356 0.031142
0 0.490762 0.444637 0.062356 0.031142
0 0.483834 0.412630 0.062356 0.029412
0 0.478060 0.378893 0.060046 0.031142
0 0.478060 0.348616 0.050808 0.025952
0 0.474596 0.318339 0.053118 0.027682
1 0.484988 0.580450 0.180139 0.586505
