0 0.413082 0.796447 0.098566 0.031472
0 0.408602 0.760406 0.093190 0.032487
0 0.408602 0.723858 0.089606 0.032487
0 0.414875 0.688325 0.087814 0.028426
0 0.418459 0.654315 0.091398 0.027411
0 0.424731 0.621827 0.086022 0.029442
0 0.431900 0.591371 0.075269 0.027411
0 0.437276 0.563959 0.071685 0.025381
0 0.443548 0.536041 0.066308 0.024365
0 0.444444 0.509137 0.057348 0.023350
0 0.441756 0.484264 0.055556 0.020305
0 0.438172 0.459898 0.048387 0.022335
0 0.438172 0.433503 0.048387 0.020305
0 0.432796 0.407614 0.051971 0.019289
1 0.419355 0.607107 0.168459 0.438579
