0 0.495536 0.719298 0.125000 0.050125
0 0.479911 0.661654 0.102679 0.040100
0 0.482143 0.620301 0.089286 0.042607
0 0.475446 0.578947 0.084821 0.040100
0 0.468750 0.542607 0.089286 0.037594
0 0.473214 0.502506 0.098214 0.032581
0 0.464286 0.468672 0.080357 0.035088
0 0.466518 0.437343 0.075893 0.027569
0 0.473214 0.408521 0.080357 0.030075
0 0.484375 0.377193 0.084821 0.032581
0 0.491071 0.348371 0.080357 0.025063
0 0.497768 0.324561 0.075893 0.027569
0 0.500000 0.298246 0.071429 0.025063
0 0.500000 0.266917 0.071429 0.027569
0 0.495536 0.241855 0.071429 0.022556
1 0.482143 0.496241 0.205357 0.551378
