0 0.523207 0.812874 0.115331 0.072854
0 0.557665 0.767964 0.111111 0.068862
0 0.587201 0.720060 0.105485 0.062874
0 0.608298 0.672655 0.094233 0.059880
0 0.610408 0.627745 0.081575 0.037924
0 0.600563 0.586327 0.084388 0.040918
0 0.586498 0.550898 0.078762 0.041916
0 0.568214 0.516467 0.078762 0.042914
0 0.550633 0.483533 0.071730 0.036926
0 0.539381 0.448603 0.063291 0.032934
0 0.535865 0.415170 0.053446 0.029940
0 0.540788 0.382236 0.052039 0.029940
0 0.551336 0.348802 0.045007 0.026946
0 0.561181 0.317365 0.042194 0.027944
0 0.566807 0.287924 0.042194 0.024950
0 0.573136 0.258483 0.043601 0.021956
1 0.563994 0.547904 0.208158 0.632735
