0 0.567500 0.629747 0.110000 0.027426
0 0.562500 0.593354 0.130000 0.034810
0 0.533750 0.561709 0.137500 0.045359
0 0.500000 0.531646 0.140000 0.046414
0 0.461250 0.502110 0.122500 0.035865
0 0.446250 0.473101 0.092500 0.024262
0 0.443750 0.443565 0.102500 0.024262
0 0.452500 0.417194 0.095000 0.028481
0 0.476250 0.393987 0.092500 0.028481
0 0.501250 0.373418 0.082500 0.027426
0 0.526250 0.352321 0.082500 0.027426
0 0.547500 0.330169 0.080000 0.027426
0 0.572500 0.309599 0.070000 0.024262
0 0.587500 0.290084 0.065000 0.018987
0 0.591250 0.268987 0.062500 0.014768
0 0.585000 0.247890 0.065000 0.016878
1 0.518750 0.434072 0.297500 0.446203
