0 0.529268 0.788204 0.141463 0.064343
0 0.495122 0.731903 0.131707 0.064343
0 0.460976 0.678284 0.131707 0.058981
0 0.443902 0.624665 0.097561 0.042895
0 0.436585 0.575067 0.092683 0.040214
0 0.434146 0.528150 0.107317 0.032172
0 0.436585 0.483914 0.102439 0.034853
0 0.441463 0.446381 0.102439 0.034853
0 0.453659 0.398123 0.097561 0.040214
0 0.453659 0.353887 0.097561 0.032172
0 0.451220 0.321716 0.092683 0.026810
0 0.448780 0.289544 0.087805 0.026810
0 0.443902 0.258713 0.087805 0.029491
0 0.431707 0.223861 0.092683 0.029491
0 0.434146 0.190349 0.087805 0.026810
0 0.431707 0.158177 0.082927 0.026810
1 0.492683 0.485255 0.282927 0.713137
