0 0.475291 0.797619 0.148256 0.056548
0 0.508721 0.755208 0.127907 0.049107
0 0.542151 0.713542 0.130814 0.043155
0 0.546512 0.669643 0.104651 0.029762
0 0.540698 0.628720 0.116279 0.037202
0 0.524709 0.590774 0.107558 0.032738
0 0.508721 0.557292 0.093023 0.031250
0 0.498547 0.522321 0.078488 0.029762
0 0.498547 0.491071 0.078488 0.026786
0 0.497093 0.459821 0.069767 0.023810
0 0.497093 0.430060 0.069767 0.023810
0 0.497093 0.400298 0.063953 0.020833
0 0.497093 0.375000 0.069767 0.020833
0 0.494186 0.346726 0.063953 0.029762
0 0.497093 0.316964 0.075581 0.023810
0 0.495640 0.289435 0.072674 0.022321
1 0.497093 0.559524 0.302326 0.574405
