0 0.613487 0.788922 0.134868 0.047904
0 0.646382 0.747006 0.134868 0.047904
0 0.675987 0.704341 0.121711 0.040419
0 0.680921 0.660928 0.111842 0.040419
0 0.659539 0.619012 0.115132 0.040419
0 0.634868 0.583832 0.111842 0.035928
0 0.616776 0.548653 0.095395 0.034431
0 0.606908 0.516467 0.088816 0.029940
0 0.595395 0.485030 0.078947 0.026946
0 0.585526 0.454341 0.065789 0.028443
0 0.577303 0.427395 0.069079 0.025449
0 0.570724 0.400449 0.069079 0.025449
0 0.564145 0.371257 0.069079 0.029940
0 0.550987 0.339072 0.069079 0.028443
1 0.636513 0.566617 0.286184 0.525449
