0 0.487805 0.678870 0.131707 0.035565
0 0.467073 0.641736 0.129268 0.032427
0 0.448780 0.602510 0.126829 0.033473
0 0.434146 0.566946 0.136585 0.031381
0 0.428049 0.531904 0.114634 0.026151
0 0.425610 0.501046 0.114634 0.023013
0 0.430488 0.470711 0.119512 0.023013
0 0.437805 0.444038 0.114634 0.021967
0 0.447561 0.418410 0.109756 0.020921
0 0.460976 0.392782 0.107317 0.026151
0 0.470732 0.368724 0.087805 0.017782
0 0.479268 0.340481 0.090244 0.019874
0 0.478049 0.314854 0.102439 0.018828
0 0.482927 0.289749 0.097561 0.020921
0 0.482927 0.266736 0.097561 0.016736
1 0.471951 0.477510 0.251220 0.457113
