0 0.512195 0.678870 0.131707 0.035565
0 0.532927 0.641736 0.129268 0.032427
0 0.551220 0.602510 0.126829 0.033473
0 0.565854 0.566946 0.136585 0.031381
0 0.571951 0.531904 0.114634 0.026151
0 0.574390 0.501046 0.114634 0.023013
0 0.569512 0.470711 0.119512 0.023013
0 0.562195 0.444038 0.114634 0.021967
0 0.552439 0.418410 0.109756 0.020921
0 0.539024 0.392782 0.107317 0.026151
0 0.529268 0.368724 0.087805 0.017782
0 0.520732 0.340481 0.090244 0.019874
0 0.521951 0.314854 0.102439 0.018828
0 0.517073 0.289749 0.097561 0.020921
0 0.517073 0.266736 0.097561 0.016736
1 0.528049 0.477510 0.251220 0.457113
