0 0.527083 0.721250 0.109722 0.032500
0 0.543750 0.685312 0.109722 0.036875
0 0.566667 0.650937 0.105556 0.034375
0 0.582639 0.617188 0.095833 0.026875
0 0.584028 0.582500 0.090278 0.027500
0 0.574306 0.551250 0.081944 0.028750
0 0.563194 0.522500 0.079167 0.028750
0 0.546528 0.499063 0.076389 0.025625
0 0.527083 0.476562 0.065278 0.020625
0 0.522917 0.451875 0.070833 0.021250
0 0.536111 0.429063 0.066667 0.021875
0 0.553472 0.408750 0.062500 0.022500
0 0.566667 0.389375 0.058333 0.021250
0 0.583333 0.370312 0.061111 0.016875
0 0.590278 0.350625 0.052778 0.015000
0 0.590972 0.328125 0.056944 0.017500
1 0.552083 0.534375 0.262500 0.446250
