0 0.446528 0.805155 0.112500 0.033359
0 0.434722 0.758150 0.111111 0.036391
0 0.427083 0.710387 0.115278 0.033359
0 0.422917 0.665277 0.104167 0.032600
0 0.430556 0.622820 0.102778 0.040182
0 0.451389 0.581880 0.100000 0.038666
0 0.480556 0.555345 0.080556 0.029568
0 0.514583 0.530326 0.093056 0.041698
0 0.535417 0.494314 0.095833 0.042456
0 0.559722 0.462472 0.083333 0.034875
0 0.572222 0.431008 0.069444 0.028052
0 0.565972 0.400682 0.065278 0.028052
0 0.556250 0.370735 0.059722 0.028810
0 0.534028 0.343442 0.068056 0.031842
0 0.509722 0.317665 0.063889 0.028810
0 0.493056 0.291888 0.058333 0.025777
0 0.485417 0.265353 0.054167 0.022745
1 0.498611 0.543594 0.311111 0.600455
