0 0.388679 0.788687 0.155975 0.087513
0 0.425157 0.711313 0.153459 0.109925
0 0.471069 0.641409 0.157233 0.115261
0 0.528302 0.584845 0.140881 0.104589
0 0.569811 0.525614 0.130818 0.088581
0 0.593711 0.466916 0.123270 0.073639
0 0.605660 0.403949 0.099371 0.052295
0 0.598113 0.351121 0.099371 0.051227
0 0.578616 0.298292 0.100629 0.060832
0 0.549686 0.254536 0.093082 0.067236
0 0.505660 0.215582 0.083019 0.066169
0 0.468553 0.176628 0.081761 0.065101
0 0.435220 0.134472 0.080503 0.064034
0 0.419497 0.088047 0.086792 0.060832
1 0.478616 0.447172 0.421384 0.813234
