0 0.495074 0.865998 0.103448 0.052871
0 0.482759 0.815861 0.098522 0.047402
0 0.467980 0.770738 0.101806 0.044667
0 0.448276 0.723792 0.091954 0.041933
0 0.447455 0.680492 0.093596 0.033728
0 0.459770 0.639471 0.101806 0.037375
0 0.471264 0.604376 0.095238 0.036463
0 0.479475 0.568824 0.078818 0.030994
0 0.482759 0.535552 0.075534 0.026436
0 0.482759 0.502735 0.075534 0.024613
0 0.482759 0.472653 0.068966 0.024613
0 0.481938 0.442115 0.064039 0.025524
0 0.485222 0.412489 0.064039 0.024613
0 0.488506 0.384686 0.060755 0.023701
0 0.487685 0.356882 0.055829 0.022789
0 0.486043 0.331358 0.055829 0.022789
1 0.469622 0.620784 0.223317 0.661805
