0 0.532558 0.819107 0.119380 0.034456
0 0.531783 0.777604 0.117829 0.043853
0 0.507752 0.737666 0.125581 0.045419
0 0.489147 0.696554 0.119380 0.044636
0 0.477519 0.651135 0.099225 0.033673
0 0.477519 0.611981 0.105426 0.038371
0 0.489922 0.574785 0.089922 0.032890
0 0.506202 0.540329 0.085271 0.034456
0 0.528682 0.510963 0.086822 0.035239
0 0.546512 0.482381 0.082171 0.031323
0 0.549612 0.453406 0.066667 0.026625
0 0.531008 0.427173 0.069767 0.028974
0 0.513178 0.402506 0.065116 0.028191
0 0.494574 0.379405 0.065116 0.027408
0 0.481395 0.354738 0.060465 0.026625
0 0.475194 0.328113 0.057364 0.021926
0 0.479070 0.304229 0.055814 0.018011
1 0.509302 0.567737 0.234109 0.573218
