0 0.426667 0.676875 0.113333 0.043750
0 0.438333 0.722500 0.110000 0.040000
0 0.413889 0.628125 0.116667 0.040000
0 0.409444 0.581562 0.103333 0.038125
0 0.413889 0.535937 0.107778 0.039375
0 0.470556 0.478750 0.096667 0.043750
0 0.492222 0.438125 0.095556 0.041250
0 0.512778 0.402500 0.096667 0.040000
0 0.438333 0.504687 0.085556 0.031875
0 0.531111 0.367500 0.086667 0.037500
0 0.540556 0.329062 0.070000 0.024375
0 0.533889 0.296875 0.070000 0.028750
0 0.508889 0.269062 0.068889 0.031875
0 0.494444 0.239063 0.071111 0.033125
0 0.467222 0.209687 0.063333 0.030625
0 0.452778 0.181875 0.061111 0.028750
0 0.442778 0.154062 0.056667 0.024375
1 0.457222 0.450000 0.285556 0.625000
