0 0.529178 0.554932 0.135279 0.049316
0 0.552608 0.517090 0.125553 0.048828
0 0.567197 0.473633 0.114058 0.037109
0 0.560566 0.427979 0.097259 0.036621
0 0.525641 0.391113 0.091070 0.039062
0 0.503095 0.358398 0.091954 0.039062
0 0.477454 0.329590 0.086649 0.032227
0 0.468170 0.300049 0.073386 0.027832
0 0.465959 0.268799 0.084881 0.022949
0 0.474801 0.240479 0.088417 0.028809
0 0.491158 0.212158 0.096375 0.033691
0 0.506631 0.187256 0.086649 0.031738
0 0.518126 0.161133 0.081344 0.032227
0 0.538019 0.133545 0.082228 0.034668
0 0.551724 0.106201 0.090186 0.028809
0 0.550398 0.077393 0.082228 0.021973
1 0.517683 0.322998 0.246684 0.555176
