0 0.549157 0.759494 0.087079 0.043400
0 0.557584 0.715190 0.075843 0.034358
0 0.547753 0.669078 0.089888 0.039783
0 0.535112 0.631103 0.081461 0.036166
0 0.516854 0.601266 0.078652 0.037975
0 0.497191 0.569620 0.084270 0.036166
0 0.485955 0.542495 0.078652 0.028933
0 0.490169 0.507233 0.075843 0.034358
0 0.502809 0.476492 0.067416 0.030741
0 0.514045 0.445750 0.061798 0.034358
0 0.526685 0.417722 0.053371 0.028933
0 0.533708 0.390597 0.050562 0.032550
0 0.537921 0.359855 0.047753 0.028933
1 0.529494 0.568716 0.193820 0.464738
