0 0.466625 0.836489 0.104534 0.034232
0 0.464106 0.791697 0.099496 0.037873
0 0.475441 0.749454 0.089421 0.032047
0 0.483627 0.709760 0.088161 0.037145
0 0.484257 0.671522 0.081864 0.030590
0 0.486776 0.636198 0.081864 0.026948
0 0.486146 0.604516 0.075567 0.023307
0 0.489924 0.573562 0.068010 0.024035
0 0.489924 0.545885 0.060453 0.021122
0 0.489295 0.517116 0.054156 0.020393
0 0.488035 0.490532 0.051637 0.022578
0 0.486776 0.464312 0.049118 0.019665
0 0.481738 0.439548 0.051637 0.018208
0 0.481108 0.414785 0.047859 0.019665
2 0.469773 0.626366 0.292191 0.495266
