0 0.499444 0.703931 0.091212 0.046683
0 0.487208 0.657658 0.091212 0.047502
0 0.469410 0.619165 0.082314 0.045864
0 0.456618 0.582719 0.072303 0.033579
0 0.456618 0.543407 0.074527 0.033579
0 0.468298 0.506552 0.071190 0.036855
0 0.480534 0.472563 0.064516 0.036036
0 0.489433 0.438984 0.053393 0.031122
0 0.493326 0.409091 0.045606 0.025389
0 0.498331 0.380016 0.044494 0.022932
0 0.500000 0.350942 0.043382 0.025389
0 0.504449 0.321458 0.041157 0.025389
0 0.508899 0.292793 0.036707 0.025389
0 0.512236 0.265356 0.034483 0.022932
1 0.488320 0.495086 0.177976 0.515152
