0 0.564667 0.688086 0.150667 0.091031
0 0.542667 0.628514 0.144000 0.092369
0 0.516000 0.567604 0.138667 0.096386
0 0.487333 0.510710 0.124000 0.089692
0 0.458000 0.457831 0.121333 0.085676
0 0.432667 0.417001 0.102667 0.073628
0 0.416000 0.378849 0.093333 0.064257
0 0.401333 0.336011 0.085333 0.061580
0 0.387333 0.289826 0.078667 0.057564
0 0.375333 0.232262 0.070667 0.044177
0 0.375333 0.178715 0.070667 0.041499
0 0.378667 0.123829 0.069333 0.044177
0 0.386000 0.072959 0.060000 0.038822
1 0.498667 0.402945 0.386667 0.717537
