0 0.500556 0.703931 0.091212 0.046683
0 0.512792 0.657658 0.091212 0.047502
0 0.530590 0.619165 0.082314 0.045864
0 0.543382 0.582719 0.072303 0.033579
0 0.543382 0.543407 0.074527 0.033579
0 0.531702 0.506552 0.071190 0.036855
0 0.519466 0.472563 0.064516 0.036036
0 0.510567 0.438984 0.053393 0.031122
0 0.506674 0.409091 0.045606 0.025389
0 0.501669 0.380016 0.044494 0.022932
0 0.500000 0.350942 0.043382 0.025389
0 0.495551 0.321458 0.041157 0.025389
0 0.491101 0.292793 0.036707 0.025389
0 0.487764 0.265356 0.034483 0.022932
1 0.511680 0.495086 0.177976 0.515152
