0 0.466112 0.819039 0.114150 0.065975
0 0.467301 0.741753 0.104637 0.060320
0 0.477408 0.670594 0.115339 0.068803
0 0.500595 0.606503 0.116528 0.065033
0 0.513080 0.546654 0.108205 0.056550
0 0.521403 0.489161 0.093936 0.049010
0 0.522592 0.434025 0.093936 0.053723
0 0.510702 0.379830 0.093936 0.054665
0 0.495244 0.330820 0.086801 0.056550
0 0.473841 0.284166 0.079667 0.053723
0 0.453032 0.238926 0.078478 0.049953
0 0.436385 0.193214 0.073722 0.049010
0 0.418549 0.146089 0.068966 0.049010
1 0.454221 0.488219 0.271106 0.772856
