0 0.527897 0.805276 0.171674 0.047739
0 0.523605 0.737437 0.163090 0.047739
0 0.527897 0.674623 0.163090 0.052764
0 0.542918 0.610553 0.150215 0.055276
0 0.562232 0.551508 0.145923 0.052764
0 0.568670 0.496231 0.133047 0.047739
0 0.575107 0.443467 0.120172 0.037688
0 0.575107 0.394472 0.120172 0.050251
0 0.568670 0.349246 0.107296 0.045226
0 0.553648 0.305276 0.103004 0.047739
0 0.536481 0.257538 0.103004 0.047739
0 0.519313 0.212312 0.103004 0.047739
0 0.502146 0.172111 0.094421 0.037688
0 0.493562 0.134422 0.085837 0.037688
1 0.540773 0.473618 0.291845 0.756281
