0 0.540741 0.769415 0.091005 0.066155
0 0.562963 0.710451 0.084656 0.053691
0 0.570899 0.656759 0.077249 0.038351
0 0.560847 0.607383 0.071958 0.046980
0 0.550265 0.564717 0.069841 0.051774
0 0.526455 0.529722 0.073016 0.050815
0 0.503175 0.490412 0.064550 0.045062
0 0.489947 0.452061 0.067725 0.041227
0 0.482540 0.415628 0.063492 0.035475
0 0.479894 0.380153 0.058201 0.029722
0 0.479894 0.342761 0.051852 0.027804
0 0.481481 0.307287 0.048677 0.027804
0 0.483069 0.272771 0.049735 0.023969
1 0.525926 0.532119 0.207407 0.573346
