0 0.440184 0.793249 0.113497 0.042194
0 0.412577 0.758790 0.113497 0.043601
0 0.383436 0.720113 0.110429 0.039381
0 0.371166 0.682841 0.098160 0.029536
0 0.383436 0.647679 0.104294 0.032349
0 0.401840 0.621660 0.098160 0.028129
0 0.420245 0.594937 0.085890 0.030942
0 0.426380 0.567511 0.055215 0.023910
0 0.423313 0.540084 0.055215 0.022504
0 0.424847 0.517581 0.052147 0.016878
0 0.420245 0.497890 0.049080 0.016878
0 0.418712 0.476090 0.039877 0.018284
0 0.420245 0.457103 0.036810 0.014065
0 0.418712 0.440928 0.039877 0.012658
0 0.418712 0.422644 0.033742 0.018284
0 0.418712 0.401547 0.027607 0.018284
1 0.414110 0.611111 0.233129 0.448664
