0 0.478992 0.797085 0.126050 0.047085
0 0.457983 0.746637 0.117647 0.044843
0 0.455882 0.696188 0.113445 0.042601
0 0.466387 0.649103 0.109244 0.042601
0 0.491597 0.604260 0.109244 0.047085
0 0.514706 0.562780 0.105042 0.044843
0 0.537815 0.525785 0.109244 0.042601
0 0.537815 0.489910 0.100840 0.029148
0 0.535714 0.450673 0.105042 0.035874
0 0.529412 0.414798 0.100840 0.035874
0 0.518908 0.376682 0.079832 0.035874
0 0.508403 0.345291 0.067227 0.031390
0 0.500000 0.316143 0.058824 0.026906
0 0.487395 0.290359 0.058824 0.029148
1 0.500000 0.547085 0.252101 0.573991
