0 0.523173 0.815674 0.117647 0.049316
0 0.563725 0.777588 0.116756 0.053223
0 0.594920 0.739014 0.109626 0.048340
0 0.606952 0.697021 0.094474 0.035645
0 0.590909 0.657471 0.108734 0.043457
0 0.560606 0.620117 0.105169 0.042969
0 0.534314 0.586670 0.095365 0.037598
0 0.514706 0.553955 0.068627 0.024902
0 0.515597 0.520508 0.070410 0.029297
0 0.524064 0.487549 0.074866 0.028809
0 0.527629 0.454834 0.071301 0.031738
0 0.531194 0.424561 0.064171 0.028809
0 0.542781 0.395752 0.065954 0.030762
1 0.548574 0.617920 0.330660 0.522949
