0 0.498051 0.825219 0.111111 0.039922
0 0.486355 0.781889 0.103314 0.037001
0 0.477583 0.739533 0.093567 0.032132
0 0.476608 0.700097 0.095517 0.025316
0 0.482456 0.664557 0.099415 0.034080
0 0.490253 0.629503 0.095517 0.032132
0 0.498051 0.592502 0.083821 0.028238
0 0.496101 0.558909 0.076023 0.025316
0 0.494152 0.528238 0.076023 0.024343
0 0.489279 0.498539 0.074074 0.027264
0 0.478558 0.467868 0.064327 0.028238
0 0.469786 0.436222 0.062378 0.029211
0 0.463938 0.407011 0.054581 0.023369
0 0.463938 0.380234 0.054581 0.018500
1 0.491228 0.610516 0.179337 0.506329
