0 0.471322 0.821168 0.167082 0.046229
0 0.463217 0.761557 0.153367 0.049878
0 0.463840 0.704380 0.129676 0.042579
0 0.466958 0.650547 0.130923 0.044404
0 0.481920 0.605231 0.138404 0.048662
0 0.497506 0.561131 0.134663 0.044404
0 0.516833 0.520985 0.123441 0.043187
0 0.534289 0.481752 0.125935 0.043796
0 0.544264 0.444951 0.123441 0.039538
0 0.551122 0.405109 0.124688 0.034063
0 0.551122 0.368005 0.117207 0.035280
0 0.540524 0.332421 0.115960 0.039538
0 0.516209 0.294708 0.107232 0.044404
0 0.486908 0.264599 0.100998 0.040146
0 0.465711 0.234489 0.098504 0.039538
0 0.458229 0.199209 0.093516 0.029805
1 0.498753 0.511557 0.324190 0.684915
