0 0.489624 0.825419 0.099870 0.040503
0 0.482490 0.792249 0.088197 0.034218
0 0.467575 0.755237 0.097276 0.039804
0 0.457847 0.715782 0.093385 0.037709
0 0.461738 0.676676 0.085603 0.034916
0 0.477302 0.643156 0.093385 0.037709
0 0.506485 0.612779 0.086900 0.035615
0 0.520104 0.583799 0.077821 0.030726
0 0.525292 0.552374 0.059663 0.025140
0 0.520752 0.524791 0.055772 0.025838
0 0.507134 0.499302 0.062257 0.029330
0 0.490272 0.474511 0.064851 0.032821
0 0.475357 0.449372 0.058366 0.028631
1 0.496757 0.643156 0.210117 0.437151
