0 0.435333 0.688086 0.150667 0.091031
0 0.457333 0.628514 0.144000 0.092369
0 0.484000 0.567604 0.138667 0.096386
0 0.512667 0.510710 0.124000 0.089692
0 0.542000 0.457831 0.121333 0.085676
0 0.567333 0.417001 0.102667 0.073628
0 0.584000 0.378849 0.093333 0.064257
0 0.598667 0.336011 0.085333 0.061580
0 0.612667 0.289826 0.078667 0.057564
0 0.624667 0.232262 0.070667 0.044177
0 0.624667 0.178715 0.070667 0.041499
0 0.621333 0.123829 0.069333 0.044177
0 0.614000 0.072959 0.060000 0.038822
1 0.501333 0.402945 0.386667 0.717537
