0 0.573620 0.767654 0.134969 0.041002
0 0.576687 0.721716 0.116564 0.037206
0 0.575153 0.676538 0.113497 0.034928
0 0.569018 0.635915 0.113497 0.034169
0 0.556748 0.599848 0.110429 0.036446
0 0.546779 0.564161 0.108896 0.036446
0 0.530675 0.526955 0.110429 0.036446
0 0.523773 0.496963 0.108896 0.032650
0 0.514571 0.466591 0.108896 0.029613
0 0.510736 0.435080 0.098160 0.027335
0 0.509969 0.405087 0.096626 0.032650
0 0.521472 0.377373 0.082822 0.034928
0 0.538344 0.350797 0.082822 0.034928
0 0.565951 0.327639 0.079755 0.034169
0 0.594325 0.304480 0.065951 0.030372
1 0.542945 0.537965 0.248466 0.535308
