0 0.508415 0.835477 0.113604 0.050681
0 0.487377 0.787821 0.102384 0.047655
0 0.476157 0.742436 0.088359 0.038578
0 0.476157 0.696293 0.091164 0.037065
0 0.481066 0.653933 0.092567 0.038578
0 0.492987 0.614977 0.093969 0.036309
0 0.498597 0.577534 0.082749 0.029501
0 0.501403 0.543495 0.079944 0.027988
0 0.495792 0.510968 0.074334 0.027988
0 0.490182 0.478442 0.074334 0.027988
0 0.487377 0.446293 0.065919 0.024206
0 0.483170 0.416415 0.060309 0.026475
0 0.478962 0.389183 0.060309 0.018911
0 0.480365 0.369894 0.051893 0.013616
0 0.480365 0.347579 0.049088 0.021936
0 0.479663 0.319970 0.044881 0.021180
1 0.500701 0.587368 0.187938 0.578669
