0 0.459016 0.809589 0.101639 0.057534
0 0.500820 0.763014 0.103279 0.052055
0 0.530328 0.721918 0.103279 0.052055
0 0.545082 0.680822 0.093443 0.035616
0 0.547541 0.639269 0.098361 0.034703
0 0.540164 0.600000 0.093443 0.032877
0 0.532787 0.560731 0.085246 0.034703
0 0.527049 0.524658 0.077049 0.030137
0 0.521311 0.490868 0.075410 0.030137
0 0.512295 0.457534 0.077049 0.027397
0 0.509016 0.425114 0.067213 0.026484
0 0.517213 0.393151 0.060656 0.028311
0 0.520492 0.361187 0.063934 0.030137
0 0.526230 0.330137 0.055738 0.026484
1 0.495902 0.582648 0.267213 0.558904
