0 0.504113 0.742156 0.127057 0.061609
0 0.487203 0.683115 0.115174 0.047347
0 0.485375 0.626640 0.113346 0.048488
0 0.498629 0.576155 0.116088 0.051341
0 0.517367 0.528237 0.102377 0.042213
0 0.528793 0.486309 0.085009 0.033657
0 0.527879 0.444952 0.064899 0.031945
0 0.524223 0.415003 0.064899 0.029093
0 0.519653 0.384769 0.064899 0.033657
0 0.512340 0.350257 0.053931 0.029663
0 0.502742 0.316030 0.054845 0.036509
0 0.494973 0.281232 0.052102 0.031945
0 0.483547 0.245294 0.056673 0.034227
0 0.473035 0.209641 0.044790 0.031375
0 0.462523 0.174843 0.049360 0.027952
1 0.502742 0.468910 0.204753 0.664005
