0 0.492812 0.812711 0.099730 0.048682
0 0.481132 0.757945 0.096137 0.039216
0 0.477089 0.707235 0.091644 0.031102
0 0.479784 0.661934 0.093441 0.045977
0 0.492812 0.620352 0.090746 0.049358
0 0.509434 0.581812 0.084456 0.045301
0 0.526505 0.547329 0.079066 0.041244
0 0.539533 0.515213 0.074573 0.037863
0 0.550314 0.484111 0.063792 0.027045
0 0.546721 0.455713 0.060198 0.024341
0 0.540881 0.427654 0.055705 0.027721
0 0.529650 0.397904 0.051213 0.026369
0 0.528302 0.368830 0.048518 0.027721
0 0.520216 0.340771 0.053908 0.029750
1 0.507637 0.584178 0.199461 0.536849
