0 0.528678 0.821168 0.167082 0.046229
0 0.536783 0.761557 0.153367 0.049878
0 0.536160 0.704380 0.129676 0.042579
0 0.533042 0.650547 0.130923 0.044404
0 0.518080 0.605231 0.138404 0.048662
0 0.502494 0.561131 0.134663 0.044404
0 0.483167 0.520985 0.123441 0.043187
0 0.465711 0.481752 0.125935 0.043796
0 0.455736 0.444951 0.123441 0.039538
0 0.448878 0.405109 0.124688 0.034063
0 0.448878 0.368005 0.117207 0.035280
0 0.459476 0.332421 0.115960 0.039538
0 0.483791 0.294708 0.107232 0.044404
0 0.513092 0.264599 0.100998 0.040146
0 0.534289 0.234489 0.098504 0.039538
0 0.541771 0.199209 0.093516 0.029805
1 0.501247 0.511557 0.324190 0.684915
