0 0.533375 0.836489 0.104534 0.034232
0 0.535894 0.791697 0.099496 0.037873
0 0.524559 0.749454 0.089421 0.032047
0 0.516373 0.709760 0.088161 0.037145
0 0.515743 0.671522 0.081864 0.030590
0 0.513224 0.636198 0.081864 0.026948
0 0.513854 0.604516 0.075567 0.023307
0 0.510076 0.573562 0.068010 0.024035
0 0.510076 0.545885 0.060453 0.021122
0 0.510705 0.517116 0.054156 0.020393
0 0.511965 0.490532 0.051637 0.022578
0 0.513224 0.464312 0.049118 0.019665
0 0.518262 0.439548 0.051637 0.018208
0 0.518892 0.414785 0.047859 0.019665
2 0.530856 0.626366 0.293451 0.495266
