0 0.452318 0.598050 0.088742 0.037844
0 0.449007 0.540138 0.079470 0.038991
0 0.443709 0.488532 0.079470 0.043578
0 0.431788 0.438647 0.082119 0.047018
0 0.419868 0.389908 0.082119 0.045872
0 0.408609 0.347477 0.075497 0.043578
0 0.398675 0.307913 0.071523 0.035550
0 0.392715 0.270642 0.064901 0.032110
0 0.391391 0.234518 0.056954 0.030963
0 0.400662 0.198968 0.054305 0.028670
0 0.410596 0.167431 0.052980 0.034404
0 0.425828 0.135321 0.049007 0.032110
0 0.437086 0.107798 0.047682 0.034404
0 0.450331 0.075115 0.050331 0.033257
1 0.425828 0.340596 0.205298 0.594037
