0 0.453317 0.844697 0.125307 0.035354
0 0.454545 0.802399 0.108108 0.031566
0 0.464373 0.762626 0.103194 0.027778
0 0.466830 0.724747 0.098280 0.027778
0 0.466830 0.685606 0.098280 0.030303
0 0.461916 0.647096 0.103194 0.031566
0 0.454545 0.611742 0.093366 0.034091
0 0.453317 0.582071 0.081081 0.022727
0 0.453317 0.554293 0.081081 0.020202
0 0.455774 0.524621 0.071253 0.023990
0 0.459459 0.496843 0.063882 0.023990
0 0.461916 0.467172 0.068796 0.025253
0 0.465602 0.438763 0.061425 0.021465
0 0.463145 0.415404 0.056511 0.017677
0 0.461916 0.392677 0.058968 0.017677
1 0.449631 0.625000 0.186732 0.497475
