0 0.495887 0.742156 0.127057 0.061609
0 0.512797 0.683115 0.115174 0.047347
0 0.514625 0.626640 0.113346 0.048488
0 0.501371 0.576155 0.116088 0.051341
0 0.482633 0.528237 0.102377 0.042213
0 0.471207 0.486309 0.085009 0.033657
0 0.472121 0.444952 0.064899 0.031945
0 0.475777 0.415003 0.064899 0.029093
0 0.480347 0.384769 0.064899 0.033657
0 0.487660 0.350257 0.053931 0.029663
0 0.497258 0.316030 0.054845 0.036509
0 0.505027 0.281232 0.052102 0.031945
0 0.516453 0.245294 0.056673 0.034227
0 0.526965 0.209641 0.044790 0.031375
0 0.537477 0.174843 0.049360 0.027952
1 0.497258 0.468910 0.204753 0.664005
