0 0.426380 0.767654 0.134969 0.041002
0 0.423313 0.721716 0.116564 0.037206
0 0.424847 0.676538 0.113497 0.034928
0 0.430982 0.635915 0.113497 0.034169
0 0.443252 0.599848 0.110429 0.036446
0 0.453221 0.564161 0.108896 0.036446
0 0.469325 0.526955 0.110429 0.036446
0 0.476227 0.496963 0.108896 0.032650
0 0.485429 0.466591 0.108896 0.029613
0 0.489264 0.435080 0.098160 0.027335
0 0.490031 0.405087 0.096626 0.032650
0 0.478528 0.377373 0.082822 0.034928
0 0.461656 0.350797 0.082822 0.034928
0 0.434049 0.327639 0.079755 0.034169
0 0.405675 0.304480 0.065951 0.030372
1 0.457055 0.537965 0.248466 0.535308
