0 0.552930 0.852355 0.156900 0.054348
0 0.532136 0.802083 0.153119 0.049819
0 0.499055 0.762681 0.136106 0.043478
0 0.472590 0.720562 0.136106 0.044384
0 0.466919 0.674366 0.124764 0.037138
0 0.477316 0.633605 0.126654 0.042572
0 0.504726 0.595562 0.117202 0.040761
0 0.527410 0.558877 0.102079 0.039855
0 0.551985 0.525362 0.102079 0.036232
0 0.564272 0.491395 0.088847 0.031703
0 0.568053 0.457428 0.077505 0.027174
0 0.564272 0.424366 0.077505 0.028080
0 0.552930 0.391757 0.073724 0.026268
0 0.538752 0.363225 0.068053 0.023551
1 0.517958 0.615036 0.302457 0.561594
