0 0.482097 0.794510 0.097187 0.041543
0 0.491049 0.745920 0.097187 0.040801
0 0.492327 0.699555 0.089514 0.037092
0 0.477621 0.650964 0.095908 0.045252
0 0.464834 0.613131 0.085678 0.034866
0 0.455882 0.576409 0.065217 0.026706
0 0.456522 0.542656 0.061381 0.028932
0 0.457801 0.507418 0.058824 0.028190
0 0.467391 0.471810 0.062660 0.028190
0 0.471867 0.438056 0.063939 0.025964
0 0.476982 0.408754 0.058824 0.023739
0 0.474425 0.375742 0.053708 0.022997
0 0.467391 0.348294 0.047315 0.022997
1 0.480179 0.572329 0.164962 0.500742
