0 0.523923 0.904864 0.110048 0.044349
0 0.501196 0.854077 0.098086 0.045780
0 0.489234 0.804006 0.098086 0.037196
0 0.503589 0.757511 0.107656 0.047210
0 0.526316 0.713162 0.100478 0.047210
0 0.552632 0.677396 0.100478 0.044349
0 0.574163 0.642346 0.090909 0.042918
0 0.581340 0.605866 0.066986 0.030043
0 0.572967 0.574392 0.069378 0.032904
0 0.558612 0.541488 0.069378 0.032904
0 0.544258 0.512160 0.069378 0.031474
0 0.531100 0.483548 0.062201 0.031474
0 0.522727 0.453505 0.064593 0.028612
0 0.517943 0.424893 0.059809 0.025751
1 0.532297 0.675250 0.232057 0.549356
