0 0.540984 0.809589 0.101639 0.057534
0 0.499180 0.763014 0.103279 0.052055
0 0.469672 0.721918 0.103279 0.052055
0 0.454918 0.680822 0.093443 0.035616
0 0.452459 0.639269 0.098361 0.034703
0 0.459836 0.600000 0.093443 0.032877
0 0.467213 0.560731 0.085246 0.034703
0 0.472951 0.524658 0.077049 0.030137
0 0.478689 0.490868 0.075410 0.030137
0 0.487705 0.457534 0.077049 0.027397
0 0.490984 0.425114 0.067213 0.026484
0 0.482787 0.393151 0.060656 0.028311
0 0.479508 0.361187 0.063934 0.030137
0 0.473770 0.330137 0.055738 0.026484
1 0.504098 0.582648 0.267213 0.558904
