0 0.547682 0.598050 0.088742 0.037844
0 0.550993 0.540138 0.079470 0.038991
0 0.556291 0.488532 0.079470 0.043578
0 0.568212 0.438647 0.082119 0.047018
0 0.580132 0.389908 0.082119 0.045872
0 0.591391 0.347477 0.075497 0.043578
0 0.601325 0.307913 0.071523 0.035550
0 0.607285 0.270642 0.064901 0.032110
0 0.608609 0.234518 0.056954 0.030963
0 0.599338 0.198968 0.054305 0.028670
0 0.589404 0.167431 0.052980 0.034404
0 0.574172 0.135321 0.049007 0.032110
0 0.562914 0.107798 0.047682 0.034404
0 0.549669 0.075115 0.050331 0.033257
1 0.574172 0.340596 0.205298 0.594037
