0 0.493007 0.801514 0.093706 0.038688
0 0.500000 0.748949 0.096503 0.041211
0 0.504895 0.698066 0.092308 0.040370
0 0.504196 0.647183 0.088112 0.034483
0 0.505594 0.603028 0.088112 0.040370
0 0.496503 0.563499 0.086713 0.038688
0 0.482517 0.524811 0.078322 0.037006
0 0.467133 0.489907 0.075524 0.036165
0 0.448951 0.457107 0.075524 0.037847
0 0.434266 0.426409 0.071329 0.035324
0 0.420280 0.397393 0.065734 0.029437
0 0.415385 0.364172 0.058741 0.023549
0 0.420280 0.333053 0.060140 0.028595
0 0.428671 0.303616 0.060140 0.026913
1 0.470629 0.552986 0.216783 0.552565
