0 0.534525 0.755371 0.146732 0.038086
0 0.527744 0.712891 0.150432 0.041992
0 0.505549 0.667725 0.145499 0.041504
0 0.472256 0.625244 0.143033 0.045410
0 0.449445 0.582520 0.129470 0.040039
0 0.442047 0.542480 0.114673 0.030273
0 0.449445 0.503174 0.122072 0.033691
0 0.464858 0.469971 0.120838 0.033691
0 0.487053 0.438232 0.115906 0.035645
0 0.504316 0.409180 0.108508 0.032227
0 0.528977 0.377930 0.101110 0.031250
0 0.548089 0.348145 0.094945 0.030273
0 0.561652 0.317871 0.090012 0.026367
0 0.565968 0.288330 0.081381 0.022949
0 0.564118 0.258301 0.085080 0.022461
0 0.558570 0.229980 0.091245 0.021484
0 0.552404 0.203369 0.091245 0.022949
1 0.498767 0.477295 0.282367 0.608887
