0 0.528603 0.739502 0.141914 0.037598
0 0.530803 0.692627 0.133113 0.039551
0 0.531903 0.645752 0.122112 0.037598
0 0.536304 0.601807 0.117712 0.035645
0 0.533553 0.558350 0.123212 0.035645
0 0.531353 0.517578 0.123212 0.033203
0 0.521452 0.480713 0.125413 0.032715
0 0.507701 0.446777 0.113311 0.032227
0 0.494499 0.415771 0.104510 0.026855
0 0.483498 0.386719 0.097910 0.026367
0 0.477448 0.357422 0.090209 0.025391
0 0.473597 0.329590 0.086909 0.024414
0 0.473597 0.301270 0.080308 0.023438
0 0.471947 0.272949 0.077008 0.022461
0 0.474697 0.246094 0.075908 0.021484
0 0.479098 0.220947 0.075908 0.021973
0 0.477998 0.191895 0.073707 0.021484
1 0.511001 0.479492 0.238724 0.624023
