0 0.353027 0.945638 0.049805 0.041016
0 0.356201 0.890951 0.048340 0.050130
0 0.361328 0.838216 0.050781 0.051432
0 0.372314 0.787435 0.045410 0.044922
0 0.384277 0.738281 0.045898 0.044271
0 0.387207 0.693034 0.040039 0.037109
0 0.384277 0.648763 0.044922 0.038411
0 0.374023 0.608073 0.041016 0.039062
0 0.363037 0.572917 0.039551 0.040365
0 0.358887 0.539714 0.038086 0.039062
0 0.352295 0.503581 0.040527 0.038411
0 0.349365 0.469076 0.037598 0.038411
0 0.343750 0.434245 0.032227 0.035156
0 0.342285 0.401693 0.029297 0.028646
0 0.342529 0.366862 0.031738 0.026693
0 0.344727 0.336914 0.031250 0.024089
0 0.346191 0.303060 0.034180 0.025391
0 0.345947 0.268555 0.035645 0.024089
1 0.366943 0.613607 0.108887 0.750651
