0 0.470682 0.819824 0.133262 0.039062
0 0.464819 0.771729 0.142857 0.042480
0 0.447761 0.720703 0.138593 0.045898
0 0.419510 0.674561 0.128998 0.048340
0 0.393390 0.630127 0.117271 0.042480
0 0.388060 0.584473 0.108742 0.033203
0 0.396588 0.543945 0.115139 0.035156
0 0.414179 0.507324 0.116205 0.036133
0 0.437633 0.474609 0.109808 0.036133
0 0.456823 0.440918 0.109808 0.037109
0 0.479744 0.408447 0.102345 0.033691
0 0.496802 0.377197 0.098081 0.032715
0 0.504797 0.344238 0.086354 0.028320
0 0.511727 0.313477 0.083156 0.026367
0 0.512793 0.282471 0.085288 0.026855
0 0.506930 0.248779 0.092751 0.024902
0 0.506397 0.218750 0.093817 0.023438
1 0.452026 0.532471 0.275053 0.662598
