0 0.529318 0.819824 0.133262 0.039062
0 0.535181 0.771729 0.142857 0.042480
0 0.552239 0.720703 0.138593 0.045898
0 0.580490 0.674561 0.128998 0.048340
0 0.606610 0.630127 0.117271 0.042480
0 0.611940 0.584473 0.108742 0.033203
0 0.603412 0.543945 0.115139 0.035156
0 0.585821 0.507324 0.116205 0.036133
0 0.562367 0.474609 0.109808 0.036133
0 0.543177 0.440918 0.109808 0.037109
0 0.520256 0.408447 0.102345 0.033691
0 0.503198 0.377197 0.098081 0.032715
0 0.495203 0.344238 0.086354 0.028320
0 0.488273 0.313477 0.083156 0.026367
0 0.487207 0.282471 0.085288 0.026855
0 0.493070 0.248779 0.092751 0.024902
0 0.493603 0.218750 0.093817 0.023438
1 0.547974 0.532471 0.275053 0.662598
