0 0.459430 0.674012 0.142544 0.025836
0 0.452851 0.640578 0.120614 0.025836
0 0.453947 0.607143 0.122807 0.024316
0 0.468202 0.575608 0.116228 0.023556
0 0.484649 0.548632 0.131579 0.028875
0 0.502193 0.525076 0.122807 0.028875
0 0.528509 0.500760 0.118421 0.025836
0 0.542763 0.477584 0.098684 0.018997
0 0.552632 0.455927 0.092105 0.015198
0 0.555921 0.435030 0.089912 0.015957
0 0.548246 0.412614 0.087719 0.018237
0 0.537281 0.390578 0.087719 0.019757
0 0.525219 0.369301 0.089912 0.021277
0 0.516447 0.348404 0.085526 0.017477
0 0.505482 0.328267 0.085526 0.018237
0 0.500000 0.306611 0.087719 0.014438
1 0.502193 0.495061 0.280702 0.427812
