0 0.534586 0.787354 0.157895 0.033691
0 0.533835 0.746338 0.162406 0.030762
0 0.539850 0.705811 0.153383 0.030762
0 0.524060 0.665527 0.145865 0.032227
0 0.502256 0.630371 0.144361 0.034180
0 0.478195 0.594971 0.138346 0.029785
0 0.459398 0.559326 0.124812 0.028809
0 0.448872 0.527588 0.118797 0.025879
0 0.448872 0.498047 0.115789 0.023438
0 0.457143 0.471436 0.114286 0.023926
0 0.461654 0.442871 0.114286 0.025391
0 0.466917 0.413086 0.103759 0.023438
0 0.464662 0.386230 0.108271 0.024414
0 0.468421 0.356445 0.100752 0.024414
0 0.460150 0.328125 0.102256 0.023438
0 0.450376 0.303223 0.106767 0.016602
0 0.441353 0.283691 0.121805 0.017578
1 0.479699 0.536621 0.333835 0.587891
