0 0.504972 0.691162 0.123757 0.036621
0 0.516575 0.647705 0.140331 0.033691
0 0.526519 0.608154 0.122652 0.030762
0 0.520994 0.569336 0.120442 0.032227
0 0.506630 0.530518 0.113812 0.029785
0 0.486740 0.498047 0.113812 0.029297
0 0.480663 0.466064 0.106077 0.027832
0 0.474033 0.434326 0.083978 0.021973
0 0.473481 0.406250 0.085083 0.023438
0 0.480663 0.378418 0.083978 0.024414
0 0.488398 0.351807 0.079558 0.026855
0 0.500552 0.324951 0.075138 0.025879
0 0.508840 0.298340 0.076243 0.025391
0 0.517127 0.270508 0.068508 0.027344
0 0.518785 0.240723 0.069613 0.021484
0 0.507182 0.212646 0.088398 0.017090
0 0.500552 0.192383 0.095028 0.017578
1 0.485083 0.451660 0.240884 0.554688
