0 0.465414 0.787354 0.157895 0.033691
0 0.466165 0.746338 0.162406 0.030762
0 0.460150 0.705811 0.153383 0.030762
0 0.475940 0.665527 0.145865 0.032227
0 0.497744 0.630371 0.144361 0.034180
0 0.521805 0.594971 0.138346 0.029785
0 0.540602 0.559326 0.124812 0.028809
0 0.551128 0.527588 0.118797 0.025879
0 0.551128 0.498047 0.115789 0.023438
0 0.542857 0.471436 0.114286 0.023926
0 0.538346 0.442871 0.114286 0.025391
0 0.533083 0.413086 0.103759 0.023438
0 0.535338 0.386230 0.108271 0.024414
0 0.531579 0.356445 0.100752 0.024414
0 0.539850 0.328125 0.102256 0.023438
0 0.549624 0.303223 0.106767 0.016602
0 0.558647 0.283691 0.121805 0.017578
1 0.520301 0.536621 0.333835 0.587891
