0 0.495028 0.691162 0.123757 0.036621
0 0.483425 0.647705 0.140331 0.033691
0 0.473481 0.608154 0.122652 0.030762
0 0.479006 0.569336 0.120442 0.032227
0 0.493370 0.530518 0.113812 0.029785
0 0.513260 0.498047 0.113812 0.029297
0 0.519337 0.466064 0.106077 0.027832
0 0.525967 0.434326 0.083978 0.021973
0 0.526519 0.406250 0.085083 0.023438
0 0.519337 0.378418 0.083978 0.024414
0 0.511602 0.351807 0.079558 0.026855
0 0.499448 0.324951 0.075138 0.025879
0 0.491160 0.298340 0.076243 0.025391
0 0.482873 0.270508 0.068508 0.027344
0 0.481215 0.240723 0.069613 0.021484
0 0.492818 0.212646 0.088398 0.017090
0 0.499448 0.192383 0.095028 0.017578
1 0.514917 0.451660 0.240884 0.554688
