0 0.541615 0.671143 0.126708 0.030762
0 0.556522 0.635986 0.116770 0.029785
0 0.563354 0.604248 0.105590 0.021973
0 0.555901 0.572754 0.115528 0.026367
0 0.536646 0.544434 0.109317 0.028320
0 0.508696 0.518799 0.100621 0.031738
0 0.486957 0.493164 0.099379 0.028320
0 0.477019 0.467773 0.094410 0.022461
0 0.474534 0.444580 0.094410 0.019043
0 0.477019 0.421631 0.099379 0.019043
0 0.488199 0.399902 0.101863 0.023438
0 0.508696 0.378662 0.095652 0.022949
0 0.522981 0.359863 0.094410 0.022461
0 0.536025 0.340088 0.090683 0.020020
0 0.536025 0.318115 0.098137 0.018066
1 0.526708 0.499756 0.236025 0.400879
