0 0.595758 0.724609 0.145244 0.029297
0 0.584190 0.685303 0.134961 0.027832
0 0.582262 0.647461 0.125964 0.026367
0 0.587404 0.610840 0.125964 0.024414
0 0.592545 0.576904 0.120823 0.024902
0 0.601542 0.545166 0.131105 0.030762
0 0.615039 0.515381 0.119537 0.025879
0 0.624679 0.487549 0.102828 0.023926
0 0.627892 0.459961 0.106684 0.020508
0 0.624036 0.433350 0.109254 0.022949
0 0.614396 0.408691 0.105398 0.022461
0 0.602828 0.384521 0.110540 0.025879
0 0.595116 0.361084 0.097686 0.021973
0 0.590617 0.335693 0.091260 0.020020
0 0.586118 0.310791 0.082262 0.020020
0 0.591902 0.287842 0.104113 0.019043
1 0.599614 0.516602 0.224936 0.494141
