0 0.482143 0.724365 0.132653 0.029785
0 0.461735 0.691650 0.125000 0.027832
0 0.445153 0.660156 0.117347 0.021484
0 0.441327 0.628418 0.114796 0.022461
0 0.456633 0.599121 0.117347 0.025391
0 0.475765 0.574219 0.104592 0.029297
0 0.491071 0.545166 0.102041 0.025879
0 0.498087 0.519531 0.098214 0.021484
0 0.494898 0.493896 0.102041 0.021973
0 0.483418 0.469971 0.109694 0.022949
0 0.461735 0.447998 0.112245 0.026855
0 0.443878 0.426758 0.109694 0.029297
0 0.417092 0.406982 0.102041 0.027832
0 0.403699 0.384521 0.095663 0.022949
0 0.400510 0.360840 0.091837 0.017578
0 0.398597 0.337891 0.105867 0.015625
1 0.453444 0.549316 0.391582 0.471680
