0 0.404242 0.724609 0.145244 0.029297
0 0.415810 0.685303 0.134961 0.027832
0 0.417738 0.647461 0.125964 0.026367
0 0.412596 0.610840 0.125964 0.024414
0 0.407455 0.576904 0.120823 0.024902
0 0.398458 0.545166 0.131105 0.030762
0 0.384961 0.515381 0.119537 0.025879
0 0.375321 0.487549 0.102828 0.023926
0 0.372108 0.459961 0.106684 0.020508
0 0.375964 0.433350 0.109254 0.022949
0 0.385604 0.408691 0.105398 0.022461
0 0.397172 0.384521 0.110540 0.025879
0 0.404884 0.361084 0.097686 0.021973
0 0.409383 0.335693 0.091260 0.020020
0 0.413882 0.310791 0.082262 0.020020
0 0.408098 0.287842 0.104113 0.019043
1 0.400386 0.516602 0.224936 0.494141
