0 0.464286 0.728271 0.141509 0.028809
0 0.481806 0.691895 0.146900 0.029297
0 0.487871 0.656494 0.132075 0.028809
0 0.487871 0.622314 0.129380 0.025879
0 0.482480 0.587891 0.126685 0.024414
0 0.483154 0.557129 0.133423 0.024414
0 0.473720 0.528809 0.128032 0.024414
0 0.466981 0.500977 0.114555 0.020508
0 0.469677 0.474854 0.111860 0.020996
0 0.473720 0.448975 0.111860 0.024902
0 0.483827 0.424072 0.115903 0.025879
0 0.501348 0.400146 0.110512 0.023926
0 0.518868 0.378418 0.099730 0.024414
0 0.528302 0.352539 0.091644 0.021484
0 0.525606 0.327637 0.091644 0.019531
0 0.520216 0.303955 0.102426 0.019043
1 0.481132 0.521973 0.269542 0.470703
