0 0.506010 0.812112 0.137019 0.055901
0 0.530048 0.763587 0.110577 0.041149
0 0.527644 0.717003 0.108173 0.038043
0 0.521635 0.673137 0.105769 0.038820
0 0.506010 0.630435 0.096154 0.035714
0 0.501202 0.593556 0.093750 0.038043
0 0.490385 0.554348 0.091346 0.037267
0 0.484375 0.517081 0.076923 0.029503
0 0.481971 0.479814 0.074519 0.029503
0 0.487981 0.446817 0.076923 0.030280
0 0.495793 0.415373 0.070913 0.034161
0 0.504207 0.383540 0.068510 0.032609
0 0.510216 0.351708 0.058894 0.024845
0 0.515625 0.320264 0.060096 0.027174
0 0.519231 0.287655 0.062500 0.028727
0 0.524639 0.257376 0.073317 0.024068
0 0.529447 0.230202 0.075721 0.024068
1 0.512019 0.533773 0.206731 0.656056
