0 0.519253 0.717285 0.163361 0.041016
0 0.498833 0.680664 0.148191 0.037109
0 0.497666 0.640381 0.143524 0.029785
0 0.509335 0.602295 0.127188 0.028809
0 0.530922 0.569580 0.128355 0.031738
0 0.543174 0.537598 0.120187 0.028320
0 0.551925 0.505127 0.114352 0.027832
0 0.557176 0.475342 0.099183 0.028809
0 0.563011 0.444824 0.094516 0.025391
0 0.561844 0.417480 0.096849 0.026367
0 0.549008 0.389404 0.089848 0.025879
0 0.536756 0.362305 0.091015 0.025391
0 0.529172 0.337158 0.082847 0.021973
0 0.523921 0.311035 0.088681 0.024414
0 0.514002 0.282227 0.085181 0.022461
0 0.508168 0.256104 0.094516 0.020996
0 0.496499 0.233154 0.101517 0.018066
0 0.522170 0.486328 0.264877 0.558594
