0 0.480747 0.717285 0.163361 0.041016
0 0.501167 0.680664 0.148191 0.037109
0 0.502334 0.640381 0.143524 0.029785
0 0.490665 0.602295 0.127188 0.028809
0 0.469078 0.569580 0.128355 0.031738
0 0.456826 0.537598 0.120187 0.028320
0 0.448075 0.505127 0.114352 0.027832
0 0.442824 0.475342 0.099183 0.028809
0 0.436989 0.444824 0.094516 0.025391
0 0.438156 0.417480 0.096849 0.026367
0 0.450992 0.389404 0.089848 0.025879
0 0.463244 0.362305 0.091015 0.025391
0 0.470828 0.337158 0.082847 0.021973
0 0.476079 0.311035 0.088681 0.024414
0 0.485998 0.282227 0.085181 0.022461
0 0.491832 0.256104 0.094516 0.020996
0 0.503501 0.233154 0.101517 0.018066
0 0.477830 0.486328 0.264877 0.558594
