0 0.305054 0.641011 0.155235 0.071680
0 0.283394 0.569918 0.140794 0.051704
0 0.294224 0.501175 0.148014 0.062280
0 0.344765 0.442421 0.140794 0.076381
0 0.403430 0.397180 0.131769 0.077556
0 0.474729 0.364277 0.133574 0.082256
0 0.534296 0.329612 0.133574 0.076381
0 0.591155 0.299647 0.117329 0.070505
0 0.628159 0.259107 0.104693 0.064630
0 0.657040 0.220329 0.093863 0.055229
0 0.674188 0.183901 0.095668 0.045828
0 0.679603 0.138073 0.092058 0.038778
0 0.683213 0.095770 0.081227 0.034078
0 0.676895 0.054054 0.079422 0.035253
1 0.457581 0.355464 0.568592 0.675676
