0 0.694946 0.641011 0.155235 0.071680
0 0.716606 0.569918 0.140794 0.051704
0 0.705776 0.501175 0.148014 0.062280
0 0.655235 0.442421 0.140794 0.076381
0 0.596570 0.397180 0.131769 0.077556
0 0.525271 0.364277 0.133574 0.082256
0 0.465704 0.329612 0.133574 0.076381
0 0.408845 0.299647 0.117329 0.070505
0 0.371841 0.259107 0.104693 0.064630
0 0.342960 0.220329 0.093863 0.055229
0 0.325812 0.183901 0.095668 0.045828
0 0.320397 0.138073 0.092058 0.038778
0 0.316787 0.095770 0.081227 0.034078
0 0.323105 0.054054 0.079422 0.035253
1 0.542419 0.355464 0.568592 0.675676
