0 0.515578 0.774510 0.152764 0.054902
0 0.557789 0.728431 0.146734 0.051961
0 0.584422 0.683578 0.127638 0.040686
0 0.590452 0.638480 0.115578 0.035784
0 0.586935 0.600245 0.112563 0.029902
0 0.576382 0.567157 0.109548 0.030392
0 0.555779 0.532843 0.094472 0.037255
0 0.530653 0.492157 0.092462 0.031373
0 0.519598 0.464461 0.082412 0.024020
0 0.519095 0.435539 0.077387 0.024020
0 0.516080 0.400980 0.071357 0.030392
0 0.517588 0.363725 0.078392 0.029412
0 0.519095 0.331618 0.077387 0.024020
0 0.524121 0.302451 0.083417 0.023529
0 0.526131 0.275735 0.085427 0.020098
0 0.529648 0.252451 0.092462 0.019608
0 0.533166 0.225245 0.097487 0.022059
1 0.537688 0.505882 0.285427 0.602941
