0 0.484422 0.774510 0.152764 0.054902
0 0.442211 0.728431 0.146734 0.051961
0 0.415578 0.683578 0.127638 0.040686
0 0.409548 0.638480 0.115578 0.035784
0 0.413065 0.600245 0.112563 0.029902
0 0.423618 0.567157 0.109548 0.030392
0 0.444221 0.532843 0.094472 0.037255
0 0.469347 0.492157 0.092462 0.031373
0 0.480402 0.464461 0.082412 0.024020
0 0.480905 0.435539 0.077387 0.024020
0 0.483920 0.400980 0.071357 0.030392
0 0.482412 0.363725 0.078392 0.029412
0 0.480905 0.331618 0.077387 0.024020
0 0.475879 0.302451 0.083417 0.023529
0 0.473869 0.275735 0.085427 0.020098
0 0.470352 0.252451 0.092462 0.019608
0 0.466834 0.225245 0.097487 0.022059
1 0.462312 0.505882 0.285427 0.602941
