0 0.488327 0.725263 0.136187 0.061053
0 0.521401 0.680000 0.116732 0.050526
0 0.531128 0.630526 0.105058 0.040000
0 0.517510 0.585263 0.124514 0.042105
0 0.496109 0.544211 0.112840 0.044211
0 0.480545 0.504211 0.097276 0.040000
0 0.464981 0.465263 0.089494 0.033684
0 0.455253 0.428421 0.085603 0.031579
0 0.455253 0.394737 0.085603 0.027368
0 0.457198 0.367368 0.089494 0.018947
0 0.455253 0.332632 0.077821 0.033684
0 0.463035 0.291579 0.070039 0.031579
0 0.472763 0.255789 0.073930 0.027368
0 0.478599 0.224211 0.085603 0.023158
0 0.486381 0.200000 0.085603 0.021053
1 0.492218 0.472632 0.237354 0.608421
