0 0.511673 0.725263 0.136187 0.061053
0 0.478599 0.680000 0.116732 0.050526
0 0.468872 0.630526 0.105058 0.040000
0 0.482490 0.585263 0.124514 0.042105
0 0.503891 0.544211 0.112840 0.044211
0 0.519455 0.504211 0.097276 0.040000
0 0.535019 0.465263 0.089494 0.033684
0 0.544747 0.428421 0.085603 0.031579
0 0.544747 0.394737 0.085603 0.027368
0 0.542802 0.367368 0.089494 0.018947
0 0.544747 0.332632 0.077821 0.033684
0 0.536965 0.291579 0.070039 0.031579
0 0.527237 0.255789 0.073930 0.027368
0 0.521401 0.224211 0.085603 0.023158
0 0.513619 0.200000 0.085603 0.021053
1 0.507782 0.472632 0.237354 0.608421
