0 0.505400 0.749027 0.112311 0.047990
0 0.485961 0.702335 0.099352 0.040208
0 0.493521 0.651751 0.110151 0.047990
0 0.520518 0.610246 0.103672 0.050584
0 0.560475 0.572633 0.105832 0.050584
0 0.592873 0.536965 0.092873 0.049287
0 0.624190 0.503891 0.073434 0.037613
0 0.636069 0.472114 0.066955 0.031128
0 0.638229 0.439040 0.062635 0.024643
0 0.628510 0.403372 0.064795 0.025940
0 0.614471 0.376783 0.066955 0.027237
0 0.600432 0.349546 0.069114 0.035019
0 0.578834 0.317769 0.064795 0.036316
0 0.566955 0.291180 0.062635 0.024643
0 0.560475 0.265240 0.066955 0.024643
0 0.557235 0.238651 0.069114 0.020752
0 0.551836 0.212062 0.066955 0.019455
1 0.559395 0.488975 0.280778 0.604410
