0 0.495680 0.750324 0.105832 0.047990
0 0.515119 0.702983 0.092873 0.038911
0 0.507559 0.649805 0.103672 0.044099
0 0.474082 0.606355 0.092873 0.047990
0 0.440605 0.570039 0.095032 0.047990
0 0.407127 0.534371 0.097192 0.049287
0 0.374730 0.505837 0.079914 0.038911
0 0.360691 0.470169 0.069114 0.029831
0 0.361771 0.436446 0.075594 0.024643
0 0.372570 0.408560 0.075594 0.025940
0 0.384449 0.383268 0.073434 0.029831
0 0.401728 0.354086 0.077754 0.038911
0 0.421166 0.326200 0.073434 0.032425
0 0.431965 0.293126 0.064795 0.025940
0 0.439525 0.267185 0.062635 0.025940
0 0.447084 0.239948 0.060475 0.025940
0 0.448164 0.212711 0.062635 0.020752
1 0.438445 0.486381 0.285097 0.591440
