0 0.494600 0.749027 0.112311 0.047990
0 0.514039 0.702335 0.099352 0.040208
0 0.506479 0.651751 0.110151 0.047990
0 0.479482 0.610246 0.103672 0.050584
0 0.439525 0.572633 0.105832 0.050584
0 0.407127 0.536965 0.092873 0.049287
0 0.375810 0.503891 0.073434 0.037613
0 0.363931 0.472114 0.066955 0.031128
0 0.361771 0.439040 0.062635 0.024643
0 0.371490 0.403372 0.064795 0.025940
0 0.385529 0.376783 0.066955 0.027237
0 0.399568 0.349546 0.069114 0.035019
0 0.421166 0.317769 0.064795 0.036316
0 0.433045 0.291180 0.062635 0.024643
0 0.439525 0.265240 0.066955 0.024643
0 0.442765 0.238651 0.069114 0.020752
0 0.448164 0.212062 0.066955 0.019455
1 0.440605 0.488975 0.280778 0.604410
