0 0.439423 0.315965 0.063462 0.026608
0 0.447115 0.343681 0.055769 0.026608
0 0.455769 0.374723 0.053846 0.026608
0 0.463462 0.410200 0.050000 0.028825
0 0.470192 0.441796 0.048077 0.027716
0 0.475962 0.474501 0.048077 0.024390
0 0.474038 0.506098 0.055769 0.025499
0 0.462500 0.541020 0.075000 0.035477
0 0.442308 0.575388 0.069231 0.035477
0 0.434615 0.608093 0.084615 0.043237
0 0.409615 0.644124 0.088462 0.044346
0 0.409615 0.683481 0.084615 0.029933
0 0.412500 0.721175 0.101923 0.036585
0 0.422115 0.769401 0.101923 0.046563
1 0.441346 0.548226 0.205769 0.513304
