0 0.442731 0.727488 0.180617 0.033175
0 0.431718 0.691943 0.167401 0.028436
0 0.436123 0.649289 0.167401 0.031596
0 0.444934 0.609795 0.167401 0.034755
0 0.477974 0.575039 0.162996 0.037915
0 0.513216 0.542654 0.145374 0.036335
0 0.539648 0.511058 0.136564 0.036335
0 0.555066 0.484992 0.114537 0.025276
0 0.566079 0.459716 0.101322 0.022117
0 0.561674 0.432859 0.101322 0.022117
0 0.548458 0.407583 0.092511 0.022117
0 0.535242 0.383886 0.092511 0.025276
0 0.522026 0.359400 0.092511 0.023697
0 0.506608 0.334913 0.088106 0.022117
0 0.497797 0.312796 0.079295 0.018957
0 0.493392 0.288310 0.079295 0.017378
0 0.491189 0.265403 0.101322 0.018957
1 0.488987 0.493681 0.334802 0.529226
