0 0.540230 0.685419 0.101149 0.039036
0 0.527586 0.645809 0.103448 0.040184
0 0.510345 0.606200 0.096552 0.039036
0 0.487356 0.574053 0.091954 0.034443
0 0.464368 0.540758 0.096552 0.034443
0 0.454023 0.511481 0.094253 0.030999
0 0.450575 0.485649 0.082759 0.020666
0 0.455172 0.460964 0.078161 0.024110
0 0.468966 0.439150 0.073563 0.021814
0 0.478161 0.421355 0.073563 0.020666
0 0.488506 0.404133 0.071264 0.025258
0 0.503448 0.381171 0.068966 0.025258
0 0.508046 0.357061 0.059770 0.022962
0 0.516092 0.330654 0.057471 0.020666
0 0.518391 0.303674 0.062069 0.021814
1 0.500000 0.497130 0.222989 0.427095
