0 0.448052 0.690955 0.142857 0.041876
0 0.417749 0.649079 0.125541 0.041876
0 0.393939 0.613065 0.121212 0.033501
0 0.391775 0.578727 0.116883 0.028476
0 0.411255 0.543551 0.129870 0.035176
0 0.443723 0.516750 0.125541 0.031826
0 0.469697 0.489112 0.108225 0.030151
0 0.482684 0.461474 0.099567 0.028476
0 0.493506 0.434673 0.095238 0.028476
0 0.497835 0.403685 0.095238 0.023451
0 0.495671 0.377722 0.090909 0.021776
0 0.487013 0.350921 0.090909 0.025126
0 0.474026 0.323283 0.090909 0.023451
0 0.467532 0.297320 0.086580 0.021776
0 0.465368 0.273032 0.090909 0.016750
0 0.465368 0.251256 0.090909 0.016750
1 0.445887 0.482412 0.242424 0.499162
