0 0.551948 0.690955 0.142857 0.041876
0 0.582251 0.649079 0.125541 0.041876
0 0.606061 0.613065 0.121212 0.033501
0 0.608225 0.578727 0.116883 0.028476
0 0.588745 0.543551 0.129870 0.035176
0 0.556277 0.516750 0.125541 0.031826
0 0.530303 0.489112 0.108225 0.030151
0 0.517316 0.461474 0.099567 0.028476
0 0.506494 0.434673 0.095238 0.028476
0 0.502165 0.403685 0.095238 0.023451
0 0.504329 0.377722 0.090909 0.021776
0 0.512987 0.350921 0.090909 0.025126
0 0.525974 0.323283 0.090909 0.023451
0 0.532468 0.297320 0.086580 0.021776
0 0.534632 0.273032 0.090909 0.016750
0 0.534632 0.251256 0.090909 0.016750
1 0.554113 0.482412 0.242424 0.499162
