0 0.450565 0.814433 0.098870 0.044674
0 0.466102 0.773196 0.096045 0.041237
0 0.477401 0.731959 0.090395 0.034364
0 0.481638 0.690722 0.081921 0.027491
0 0.478814 0.654639 0.087571 0.030928
0 0.466102 0.621134 0.084746 0.029210
0 0.454802 0.591065 0.079096 0.030928
0 0.446328 0.562715 0.079096 0.025773
0 0.437853 0.536942 0.073446 0.029210
0 0.427966 0.504296 0.064972 0.029210
0 0.425141 0.474227 0.064972 0.024055
0 0.425141 0.447595 0.059322 0.018900
0 0.426554 0.423540 0.056497 0.018900
0 0.430791 0.397766 0.053672 0.018900
1 0.450565 0.613402 0.172316 0.474227
