0 0.495370 0.679348 0.134259 0.032609
0 0.512731 0.642292 0.122685 0.033597
0 0.520833 0.607213 0.111111 0.032609
0 0.533565 0.576581 0.108796 0.026680
0 0.537037 0.542490 0.097222 0.031621
0 0.526620 0.509881 0.104167 0.029644
0 0.509259 0.482213 0.101852 0.033597
0 0.493056 0.455040 0.101852 0.030632
0 0.475694 0.430336 0.094907 0.024704
0 0.471065 0.404150 0.085648 0.019763
0 0.478009 0.381917 0.090278 0.020751
0 0.496528 0.360178 0.085648 0.026680
0 0.516204 0.336462 0.083333 0.026680
0 0.528935 0.315217 0.071759 0.021739
0 0.534722 0.292490 0.069444 0.017787
0 0.535880 0.269269 0.076389 0.016798
0 0.535880 0.247036 0.085648 0.015810
1 0.511574 0.476285 0.245370 0.501976
