0 0.504630 0.679348 0.134259 0.032609
0 0.487269 0.642292 0.122685 0.033597
0 0.479167 0.607213 0.111111 0.032609
0 0.466435 0.576581 0.108796 0.026680
0 0.462963 0.542490 0.097222 0.031621
0 0.473380 0.509881 0.104167 0.029644
0 0.490741 0.482213 0.101852 0.033597
0 0.506944 0.455040 0.101852 0.030632
0 0.524306 0.430336 0.094907 0.024704
0 0.528935 0.404150 0.085648 0.019763
0 0.521991 0.381917 0.090278 0.020751
0 0.503472 0.360178 0.085648 0.026680
0 0.483796 0.336462 0.083333 0.026680
0 0.471065 0.315217 0.071759 0.021739
0 0.465278 0.292490 0.069444 0.017787
0 0.464120 0.269269 0.076389 0.016798
0 0.464120 0.247036 0.085648 0.015810
1 0.488426 0.476285 0.245370 0.501976
