0 0.521688 0.770996 0.196952 0.052734
0 0.487691 0.735840 0.157093 0.041016
0 0.470692 0.693115 0.139508 0.037598
0 0.460141 0.650146 0.132474 0.031738
0 0.473623 0.608154 0.140680 0.037598
0 0.504689 0.567627 0.125440 0.032715
0 0.518171 0.532715 0.114889 0.035156
0 0.526377 0.497803 0.093787 0.025879
0 0.526964 0.467285 0.097304 0.026367
0 0.526377 0.437012 0.089097 0.027344
0 0.526377 0.406250 0.084408 0.025391
0 0.528722 0.375000 0.084408 0.026367
0 0.529894 0.346191 0.089097 0.024414
0 0.528722 0.316162 0.086753 0.025879
0 0.529308 0.285645 0.087925 0.025391
0 0.528136 0.258789 0.094959 0.018555
0 0.531067 0.235596 0.100821 0.019043
1 0.515240 0.516357 0.336460 0.636230
