0 0.513580 0.761817 0.180247 0.048845
0 0.493827 0.719800 0.177778 0.046744
0 0.472840 0.676471 0.150617 0.040966
0 0.466667 0.633141 0.128395 0.033088
0 0.478395 0.590336 0.124691 0.035714
0 0.505556 0.551996 0.119753 0.035714
0 0.522222 0.516544 0.106173 0.032038
0 0.525926 0.482405 0.096296 0.027836
0 0.528395 0.451681 0.086420 0.023109
0 0.526543 0.423057 0.087654 0.026786
0 0.524074 0.393908 0.077778 0.027311
0 0.524691 0.363183 0.079012 0.024685
0 0.525926 0.334296 0.074074 0.025735
0 0.523457 0.303571 0.064198 0.021008
0 0.522840 0.277574 0.067901 0.020483
0 0.522222 0.252363 0.081481 0.018382
0 0.522222 0.229517 0.086420 0.015756
1 0.487654 0.504989 0.251852 0.576155
