0 0.478312 0.770996 0.196952 0.052734
0 0.512309 0.735840 0.157093 0.041016
0 0.529308 0.693115 0.139508 0.037598
0 0.539859 0.650146 0.132474 0.031738
0 0.526377 0.608154 0.140680 0.037598
0 0.495311 0.567627 0.125440 0.032715
0 0.481829 0.532715 0.114889 0.035156
0 0.473623 0.497803 0.093787 0.025879
0 0.473036 0.467285 0.097304 0.026367
0 0.473623 0.437012 0.089097 0.027344
0 0.473623 0.406250 0.084408 0.025391
0 0.471278 0.375000 0.084408 0.026367
0 0.470106 0.346191 0.089097 0.024414
0 0.471278 0.316162 0.086753 0.025879
0 0.470692 0.285645 0.087925 0.025391
0 0.471864 0.258789 0.094959 0.018555
0 0.468933 0.235596 0.100821 0.019043
1 0.484760 0.516357 0.336460 0.636230
