0 0.506032 0.705564 0.130027 0.055641
0 0.537534 0.659583 0.126005 0.057960
0 0.569035 0.617465 0.116622 0.047913
0 0.591153 0.576893 0.112601 0.048686
0 0.603217 0.537481 0.083110 0.030139
0 0.599866 0.500386 0.087131 0.033230
0 0.585791 0.466383 0.083110 0.031685
0 0.579088 0.434312 0.080429 0.035549
0 0.569035 0.403400 0.081769 0.032457
0 0.556300 0.371716 0.072386 0.034003
0 0.540885 0.341190 0.073727 0.034776
0 0.526810 0.309892 0.069705 0.034003
0 0.519437 0.280912 0.065684 0.028594
1 0.534182 0.505796 0.274799 0.501546
