0 0.481742 0.724551 0.162921 0.067365
0 0.445927 0.670284 0.150281 0.065120
0 0.405899 0.619386 0.137640 0.054641
0 0.379916 0.575973 0.116573 0.045659
0 0.386938 0.528817 0.113764 0.039671
0 0.400281 0.486901 0.126404 0.050150
0 0.422753 0.445359 0.109551 0.047904
0 0.443118 0.404940 0.102528 0.043413
0 0.453652 0.368263 0.098315 0.038922
0 0.458567 0.330464 0.077247 0.033683
0 0.463483 0.290793 0.078652 0.033683
0 0.465590 0.255240 0.074438 0.029940
0 0.466292 0.223054 0.073034 0.029940
0 0.465590 0.187874 0.074438 0.026946
0 0.468399 0.153443 0.077247 0.028443
1 0.452247 0.461452 0.308989 0.653443
