0 0.475329 0.808511 0.161184 0.058027
0 0.504934 0.755319 0.134868 0.056093
0 0.521382 0.707930 0.128289 0.054159
0 0.529605 0.654739 0.105263 0.044487
0 0.511513 0.617988 0.121711 0.056093
0 0.472039 0.581238 0.115132 0.056093
0 0.437500 0.550290 0.098684 0.052224
0 0.404605 0.509671 0.098684 0.029014
0 0.407895 0.472921 0.078947 0.032882
0 0.434211 0.436170 0.065789 0.029014
0 0.458882 0.404255 0.062500 0.019342
0 0.472039 0.382012 0.049342 0.017408
0 0.470395 0.353965 0.052632 0.030948
0 0.462171 0.324952 0.049342 0.027079
0 0.455592 0.295938 0.055921 0.027079
1 0.480263 0.568665 0.309211 0.588008
