0 0.503472 0.835829 0.141204 0.044931
0 0.537037 0.785714 0.152778 0.057604
0 0.574074 0.738479 0.138889 0.050691
0 0.608796 0.691244 0.129630 0.046083
0 0.611111 0.641129 0.125000 0.042627
0 0.591435 0.592166 0.136574 0.046083
0 0.561343 0.547811 0.122685 0.047235
0 0.538194 0.507488 0.108796 0.042627
0 0.518519 0.468318 0.097222 0.038018
0 0.511574 0.432028 0.092593 0.034562
0 0.503472 0.391705 0.094907 0.032258
0 0.498843 0.354839 0.090278 0.032258
0 0.494213 0.318548 0.085648 0.033410
0 0.493056 0.281106 0.078704 0.029954
0 0.493056 0.247696 0.074074 0.027650
1 0.538194 0.542051 0.354167 0.655530
