0 0.518258 0.724551 0.162921 0.067365
0 0.554073 0.670284 0.150281 0.065120
0 0.594101 0.619386 0.137640 0.054641
0 0.620084 0.575973 0.116573 0.045659
0 0.613062 0.528817 0.113764 0.039671
0 0.599719 0.486901 0.126404 0.050150
0 0.577247 0.445359 0.109551 0.047904
0 0.556882 0.404940 0.102528 0.043413
0 0.546348 0.368263 0.098315 0.038922
0 0.541433 0.330464 0.077247 0.033683
0 0.536517 0.290793 0.078652 0.033683
0 0.534410 0.255240 0.074438 0.029940
0 0.533708 0.223054 0.073034 0.029940
0 0.534410 0.187874 0.074438 0.026946
0 0.531601 0.153443 0.077247 0.028443
1 0.547753 0.461452 0.308989 0.653443
