0 0.593496 0.679497 0.162602 0.044970
0 0.564024 0.637957 0.168699 0.044207
0 0.520325 0.600991 0.146341 0.040396
0 0.495935 0.563643 0.134146 0.032774
0 0.500000 0.525152 0.138211 0.027439
0 0.522358 0.494284 0.130081 0.031250
0 0.545732 0.463415 0.111789 0.027439
0 0.564024 0.437500 0.103659 0.025915
0 0.555894 0.407774 0.099593 0.027439
0 0.546748 0.379954 0.105691 0.031250
0 0.517276 0.354421 0.111789 0.032012
0 0.483740 0.329268 0.105691 0.033537
0 0.458333 0.301829 0.103659 0.028963
0 0.453252 0.272485 0.093496 0.025152
0 0.455285 0.245046 0.093496 0.022104
0 0.459350 0.218750 0.097561 0.021341
1 0.541667 0.457317 0.331301 0.533537
