0 0.460705 0.735382 0.146341 0.058471
0 0.430894 0.678411 0.140921 0.055472
0 0.429539 0.619190 0.127371 0.047976
0 0.451220 0.562219 0.138211 0.053973
0 0.482385 0.513493 0.135501 0.052474
0 0.506775 0.466267 0.124661 0.044978
0 0.516260 0.420540 0.111111 0.037481
0 0.518970 0.374813 0.116531 0.038981
0 0.509485 0.333583 0.113821 0.040480
0 0.491870 0.293103 0.121951 0.043478
0 0.479675 0.253373 0.119241 0.044978
0 0.468835 0.215892 0.119241 0.035982
0 0.468835 0.179160 0.113821 0.031484
0 0.471545 0.143928 0.108401 0.032984
0 0.464770 0.108696 0.111111 0.040480
0 0.445799 0.076462 0.105691 0.038981
0 0.429539 0.046477 0.094851 0.029985
1 0.462060 0.410795 0.268293 0.794603
