0 0.486047 0.353718 0.069767 0.022238
0 0.479845 0.379083 0.069767 0.018763
0 0.482946 0.401668 0.069767 0.020848
0 0.496124 0.426338 0.074419 0.024322
0 0.509302 0.447533 0.069767 0.020848
0 0.515504 0.470466 0.069767 0.020848
0 0.521705 0.491661 0.066667 0.017373
0 0.518605 0.516678 0.072868 0.020153
0 0.510078 0.542391 0.080620 0.024322
0 0.496124 0.568103 0.083721 0.024322
0 0.478295 0.593120 0.079070 0.025712
0 0.462016 0.616748 0.077519 0.022933
0 0.443411 0.643850 0.080620 0.027102
1 0.483721 0.496525 0.229457 0.334260
