0 0.547816 0.743475 0.108619 0.048764
0 0.550767 0.686813 0.102715 0.046703
0 0.543093 0.630838 0.099174 0.039148
0 0.535419 0.581387 0.097993 0.035027
0 0.515939 0.540179 0.096812 0.037775
0 0.498819 0.494162 0.097993 0.035027
0 0.492916 0.457418 0.083825 0.030220
0 0.488194 0.421016 0.076741 0.030220
0 0.483471 0.381868 0.067296 0.034341
0 0.481110 0.342033 0.057851 0.032967
0 0.482881 0.300824 0.056671 0.034341
0 0.489374 0.265453 0.057851 0.029533
0 0.491145 0.228022 0.047226 0.031593
0 0.491145 0.192995 0.047226 0.027473
1 0.519481 0.478365 0.236128 0.622940
