0 0.493856 0.806395 0.084485 0.036047
0 0.486943 0.760465 0.079877 0.037209
0 0.475422 0.712209 0.075269 0.043023
0 0.456989 0.675581 0.078341 0.044186
0 0.443932 0.637209 0.073733 0.041860
0 0.432412 0.598837 0.075269 0.037209
0 0.423963 0.563953 0.070661 0.032558
0 0.417051 0.529651 0.069124 0.029070
0 0.413210 0.498256 0.064516 0.024419
0 0.409370 0.463953 0.056836 0.025581
0 0.410906 0.431977 0.053763 0.026744
0 0.413978 0.400581 0.050691 0.026744
0 0.423963 0.369186 0.046083 0.026744
1 0.448541 0.593605 0.221198 0.494186
