0 0.562917 0.118750 0.082500 0.040000
0 0.572500 0.163750 0.081667 0.046250
0 0.588750 0.207813 0.084167 0.050625
0 0.607917 0.251563 0.085833 0.050625
0 0.621250 0.297500 0.077500 0.047500
0 0.629167 0.347500 0.081667 0.042500
0 0.624167 0.400000 0.080000 0.047500
0 0.611250 0.453125 0.085833 0.052500
0 0.595833 0.506563 0.093333 0.060625
0 0.575000 0.566250 0.095000 0.058750
0 0.561250 0.629687 0.087500 0.049375
0 0.563333 0.700313 0.105000 0.059375
0 0.579167 0.764375 0.111667 0.061250
0 0.608750 0.829375 0.119167 0.063750
1 0.610833 0.484063 0.250000 0.818125
