0 0.510239 0.876874 0.126280 0.064240
0 0.549488 0.822805 0.119454 0.061028
0 0.574232 0.767666 0.104096 0.053533
0 0.573379 0.717880 0.092150 0.041756
0 0.554608 0.669165 0.102389 0.049251
0 0.522184 0.629550 0.092150 0.040685
0 0.494881 0.593148 0.085324 0.040685
0 0.475256 0.554604 0.059727 0.032120
0 0.471843 0.514989 0.073379 0.038544
0 0.482935 0.476445 0.068259 0.038544
0 0.494881 0.439507 0.064846 0.035332
0 0.511092 0.405782 0.063140 0.032120
0 0.521331 0.374197 0.059727 0.033191
0 0.525597 0.341542 0.054608 0.029979
1 0.526451 0.619379 0.247440 0.619914
