0 0.592035 0.082547 0.081416 0.051887
0 0.616814 0.132075 0.088496 0.060647
0 0.639381 0.176550 0.078761 0.047170
0 0.673009 0.283356 0.084071 0.051887
0 0.665929 0.346361 0.082301 0.047170
0 0.653982 0.400606 0.093805 0.054582
0 0.633186 0.458895 0.110619 0.067385
0 0.603982 0.522237 0.115929 0.076819
0 0.580531 0.590633 0.120354 0.069407
0 0.568142 0.671496 0.115044 0.064016
0 0.578761 0.755054 0.129204 0.080189
0 0.606195 0.826146 0.129204 0.082210
0 0.656637 0.228100 0.086726 0.051887
1 0.608407 0.463275 0.252212 0.852426
