0 0.470411 0.173863 0.085749 0.036237
0 0.478865 0.213184 0.080918 0.039322
0 0.486715 0.254048 0.074879 0.039322
0 0.490942 0.297995 0.068841 0.037779
0 0.486715 0.343099 0.082126 0.037008
0 0.484903 0.388204 0.100242 0.039322
0 0.472826 0.435621 0.109903 0.044719
0 0.459541 0.480725 0.112319 0.048574
0 0.434783 0.529684 0.118357 0.053971
0 0.416667 0.585582 0.120773 0.053200
0 0.411836 0.648034 0.132850 0.057826
0 0.433575 0.714341 0.149758 0.070162
0 0.467391 0.778720 0.159420 0.083269
0 0.515097 0.843485 0.170290 0.086353
1 0.473430 0.530840 0.326087 0.768697
