0 0.471354 0.737793 0.062500 0.032227
0 0.477865 0.698730 0.065104 0.036133
0 0.482422 0.659180 0.058594 0.033203
0 0.486979 0.621582 0.057292 0.030273
0 0.479167 0.585449 0.057292 0.028320
0 0.471354 0.551270 0.062500 0.032227
0 0.463542 0.525391 0.057292 0.027344
0 0.455729 0.494629 0.049479 0.026367
0 0.447917 0.461914 0.044271 0.025391
0 0.447917 0.431641 0.044271 0.023438
0 0.451823 0.403320 0.036458 0.025391
0 0.462240 0.378418 0.039062 0.024414
0 0.474609 0.355957 0.032552 0.022461
0 0.483724 0.332520 0.037760 0.026367
0 0.496094 0.307129 0.036458 0.024414
1 0.468750 0.526855 0.132812 0.489258
