0 0.489761 0.876874 0.126280 0.064240
0 0.450512 0.822805 0.119454 0.061028
0 0.425768 0.767666 0.104096 0.053533
0 0.426621 0.717880 0.092150 0.041756
0 0.445392 0.669165 0.102389 0.049251
0 0.477816 0.629550 0.092150 0.040685
0 0.505119 0.593148 0.085324 0.040685
0 0.524744 0.554604 0.059727 0.032120
0 0.528157 0.514989 0.073379 0.038544
0 0.517065 0.476445 0.068259 0.038544
0 0.505119 0.439507 0.064846 0.035332
0 0.488908 0.405782 0.063140 0.032120
0 0.478669 0.374197 0.059727 0.033191
0 0.474403 0.341542 0.054608 0.029979
1 0.473549 0.619379 0.247440 0.619914
