0 0.437083 0.118750 0.082500 0.040000
0 0.427500 0.163750 0.081667 0.046250
0 0.411250 0.207813 0.084167 0.050625
0 0.392083 0.251563 0.085833 0.050625
0 0.378750 0.297500 0.077500 0.047500
0 0.370833 0.347500 0.081667 0.042500
0 0.375833 0.400000 0.080000 0.047500
0 0.388750 0.453125 0.085833 0.052500
0 0.404167 0.506563 0.093333 0.060625
0 0.425000 0.566250 0.095000 0.058750
0 0.438750 0.629687 0.087500 0.049375
0 0.436667 0.700313 0.105000 0.059375
0 0.420833 0.764375 0.111667 0.061250
0 0.391250 0.829375 0.119167 0.063750
1 0.389167 0.484063 0.250000 0.818125
