0 0.506144 0.806395 0.084485 0.036047
0 0.513057 0.760465 0.079877 0.037209
0 0.524578 0.712209 0.075269 0.043023
0 0.543011 0.675581 0.078341 0.044186
0 0.556068 0.637209 0.073733 0.041860
0 0.567588 0.598837 0.075269 0.037209
0 0.576037 0.563953 0.070661 0.032558
0 0.582949 0.529651 0.069124 0.029070
0 0.586790 0.498256 0.064516 0.024419
0 0.590630 0.463953 0.056836 0.025581
0 0.589094 0.431977 0.053763 0.026744
0 0.586022 0.400581 0.050691 0.026744
0 0.576037 0.369186 0.046083 0.026744
1 0.551459 0.593605 0.221198 0.494186
