0 0.535270 0.653211 0.190871 0.062385
0 0.564315 0.598165 0.174274 0.055046
0 0.580913 0.552294 0.157676 0.044037
0 0.589212 0.507339 0.141079 0.038532
0 0.580913 0.461468 0.141079 0.034862
0 0.564315 0.415596 0.132780 0.042202
0 0.543568 0.375229 0.124481 0.034862
0 0.531120 0.334862 0.107884 0.031193
0 0.524896 0.297248 0.095436 0.029358
0 0.524896 0.259633 0.095436 0.031193
0 0.524896 0.225688 0.095436 0.029358
0 0.526971 0.190826 0.091286 0.033028
0 0.533195 0.155046 0.095436 0.031193
0 0.537344 0.122936 0.095436 0.025688
0 0.535270 0.092661 0.099585 0.023853
0 0.537344 0.065138 0.103734 0.023853
1 0.545643 0.363303 0.253112 0.660550
