0 0.483851 0.740479 0.162733 0.032715
0 0.472050 0.700439 0.159006 0.035645
0 0.454658 0.660889 0.149068 0.037598
0 0.447205 0.621582 0.144099 0.037109
0 0.431056 0.585205 0.129193 0.033691
0 0.422981 0.550049 0.113043 0.027832
0 0.416770 0.515869 0.118012 0.026855
0 0.416149 0.485107 0.114286 0.024902
0 0.418012 0.455078 0.110559 0.024414
0 0.420497 0.424316 0.113043 0.024414
0 0.416770 0.394043 0.108075 0.024414
0 0.419876 0.364746 0.099379 0.024414
0 0.420497 0.335693 0.103106 0.023926
0 0.422981 0.307373 0.098137 0.024902
0 0.422360 0.281250 0.101863 0.022461
0 0.418634 0.257568 0.109317 0.020996
1 0.469565 0.506592 0.283230 0.531738
