0 0.516149 0.740479 0.162733 0.032715
0 0.527950 0.700439 0.159006 0.035645
0 0.545342 0.660889 0.149068 0.037598
0 0.552795 0.621582 0.144099 0.037109
0 0.568944 0.585205 0.129193 0.033691
0 0.577019 0.550049 0.113043 0.027832
0 0.583230 0.515869 0.118012 0.026855
0 0.583851 0.485107 0.114286 0.024902
0 0.581988 0.455078 0.110559 0.024414
0 0.579503 0.424316 0.113043 0.024414
0 0.583230 0.394043 0.108075 0.024414
0 0.580124 0.364746 0.099379 0.024414
0 0.579503 0.335693 0.103106 0.023926
0 0.577019 0.307373 0.098137 0.024902
0 0.577640 0.281250 0.101863 0.022461
0 0.581366 0.257568 0.109317 0.020996
1 0.530435 0.506592 0.283230 0.531738
