0 0.539877 0.734332 0.156442 0.040872
0 0.553681 0.689714 0.147239 0.032016
0 0.553681 0.650204 0.138037 0.036104
0 0.542945 0.610014 0.134969 0.038828
0 0.523773 0.569823 0.124233 0.034741
0 0.519939 0.529632 0.125767 0.034741
0 0.509969 0.494891 0.111963 0.033379
0 0.496933 0.460831 0.101227 0.033379
0 0.490031 0.428134 0.099693 0.029292
0 0.488497 0.394414 0.096626 0.028610
0 0.486963 0.361376 0.093558 0.026567
0 0.488497 0.326975 0.093558 0.028610
0 0.494632 0.292575 0.087423 0.030654
0 0.503067 0.260218 0.085890 0.025886
0 0.504601 0.229223 0.098160 0.025204
0 0.506135 0.201294 0.098160 0.022480
0 0.505368 0.176771 0.102761 0.021117
1 0.539877 0.470027 0.230061 0.613079
