0 0.434000 0.747559 0.153333 0.030273
0 0.439333 0.709961 0.148000 0.027344
0 0.448000 0.675293 0.152000 0.025391
0 0.456667 0.643066 0.142667 0.024414
0 0.458000 0.612305 0.132000 0.026367
0 0.462667 0.583984 0.120000 0.025391
0 0.474667 0.557617 0.114667 0.025391
0 0.478000 0.532227 0.108000 0.023438
0 0.476667 0.506592 0.102667 0.022949
0 0.482667 0.482178 0.106667 0.020996
0 0.482667 0.457520 0.101333 0.022461
0 0.484667 0.434082 0.102667 0.021484
0 0.491333 0.410156 0.097333 0.021484
0 0.492000 0.387939 0.098667 0.019043
0 0.493333 0.367188 0.106667 0.016602
2 0.446000 0.553955 0.300000 0.447754
