0 0.473022 0.746039 0.165468 0.048415
0 0.455935 0.694982 0.170863 0.039613
0 0.456835 0.645246 0.158273 0.036972
0 0.464928 0.599912 0.152878 0.037852
0 0.476619 0.560299 0.136691 0.037852
0 0.488309 0.523327 0.127698 0.037852
0 0.499101 0.488116 0.127698 0.037852
0 0.511691 0.452465 0.120504 0.036972
0 0.520683 0.419894 0.113309 0.031690
0 0.524281 0.386884 0.109712 0.027289
0 0.526978 0.355634 0.104317 0.029930
0 0.523381 0.323504 0.104317 0.029049
0 0.517086 0.292694 0.106115 0.027289
0 0.510791 0.261444 0.111511 0.028169
0 0.510791 0.231954 0.115108 0.022007
1 0.487410 0.496479 0.262590 0.584507
