0 0.566000 0.747559 0.153333 0.030273
0 0.560667 0.709961 0.148000 0.027344
0 0.552000 0.675293 0.152000 0.025391
0 0.543333 0.643066 0.142667 0.024414
0 0.542000 0.612305 0.132000 0.026367
0 0.537333 0.583984 0.120000 0.025391
0 0.525333 0.557617 0.114667 0.025391
0 0.522000 0.532227 0.108000 0.023438
0 0.523333 0.506592 0.102667 0.022949
0 0.517333 0.482178 0.106667 0.020996
0 0.517333 0.457520 0.101333 0.022461
0 0.515333 0.434082 0.102667 0.021484
0 0.508667 0.410156 0.097333 0.021484
0 0.508000 0.387939 0.098667 0.019043
0 0.506667 0.367188 0.106667 0.016602
2 0.555333 0.553955 0.300000 0.447754
