0 0.500000 0.793600 0.121053 0.039570
0 0.492544 0.741817 0.114912 0.041524
0 0.488596 0.691011 0.115789 0.037616
0 0.483333 0.643869 0.115789 0.035173
0 0.485088 0.595750 0.112281 0.037616
0 0.483333 0.548363 0.103509 0.036639
0 0.487719 0.507328 0.089474 0.033708
0 0.485526 0.466292 0.088596 0.030777
0 0.485088 0.427699 0.098246 0.032731
0 0.482895 0.389350 0.097368 0.029311
0 0.482456 0.350513 0.092982 0.038593
0 0.478070 0.314118 0.087719 0.033219
0 0.467982 0.281143 0.079825 0.032731
0 0.460965 0.247191 0.078070 0.030288
0 0.454386 0.214704 0.087719 0.028823
1 0.477193 0.511724 0.178947 0.644358
