0 0.501475 0.728643 0.141593 0.053601
0 0.483776 0.676717 0.135693 0.050251
0 0.464602 0.631491 0.115044 0.036851
0 0.458702 0.583752 0.120944 0.041876
0 0.471976 0.531826 0.123894 0.048576
0 0.486726 0.485762 0.112094 0.046901
0 0.501475 0.439698 0.094395 0.035176
0 0.495575 0.397822 0.094395 0.038526
0 0.480826 0.357621 0.094395 0.041876
0 0.466077 0.319933 0.094395 0.040201
0 0.457227 0.283082 0.088496 0.036851
0 0.457227 0.244556 0.082596 0.030151
0 0.457227 0.209380 0.076696 0.030151
0 0.457227 0.176717 0.076696 0.025126
0 0.455752 0.142379 0.073746 0.026801
0 0.451327 0.108878 0.076696 0.030151
0 0.451327 0.077889 0.082596 0.021776
1 0.485251 0.409548 0.215339 0.721943
