0 0.510431 0.777100 0.140473 0.071777
0 0.528164 0.704834 0.125869 0.064941
0 0.532684 0.630127 0.116829 0.061035
0 0.520515 0.563477 0.125869 0.059570
0 0.503129 0.499756 0.135605 0.074707
0 0.477747 0.441162 0.121001 0.065918
0 0.457928 0.386230 0.107789 0.057617
0 0.451669 0.330322 0.092490 0.046387
0 0.453408 0.277344 0.089013 0.044922
0 0.451669 0.225098 0.086926 0.042969
0 0.448887 0.171387 0.077191 0.046875
0 0.445758 0.116943 0.077886 0.042480
0 0.441933 0.067627 0.075800 0.038574
1 0.496523 0.436035 0.223922 0.791992
