0 0.380888 0.760986 0.118659 0.059082
0 0.357790 0.703857 0.121377 0.053223
0 0.354620 0.645264 0.115036 0.044434
0 0.376812 0.593506 0.126812 0.051270
0 0.401721 0.543701 0.131341 0.056152
0 0.428895 0.500732 0.120471 0.047363
0 0.457880 0.459229 0.105978 0.041504
0 0.471467 0.420898 0.095109 0.035156
0 0.473279 0.384521 0.087862 0.029785
0 0.470562 0.344482 0.082428 0.034668
0 0.460145 0.310547 0.076087 0.033203
0 0.450181 0.277100 0.067029 0.029785
0 0.449275 0.242432 0.057971 0.025879
0 0.442935 0.209961 0.048913 0.025391
1 0.404438 0.505127 0.281703 0.626465
