0 0.477695 0.714571 0.107807 0.049235
0 0.504337 0.673320 0.104089 0.045243
0 0.533457 0.633400 0.097893 0.045243
0 0.545229 0.596474 0.081784 0.028609
0 0.531599 0.561876 0.081784 0.029940
0 0.513011 0.525283 0.079306 0.036593
0 0.500000 0.489355 0.065675 0.028609
0 0.498141 0.456753 0.061958 0.027279
0 0.501859 0.426813 0.059480 0.024617
0 0.504337 0.397206 0.054523 0.025283
0 0.501239 0.369594 0.048327 0.023287
0 0.504957 0.338989 0.058240 0.025948
0 0.506815 0.307718 0.054523 0.023287
1 0.504337 0.517964 0.240397 0.467731
