0 0.478916 0.736816 0.116466 0.038086
0 0.481426 0.687744 0.115462 0.038574
0 0.465863 0.642334 0.122490 0.041504
0 0.443775 0.600342 0.122490 0.044434
0 0.422691 0.561523 0.118474 0.041992
0 0.410643 0.524902 0.108434 0.035156
0 0.406124 0.486572 0.107430 0.028809
0 0.402108 0.450439 0.111446 0.030762
0 0.407631 0.418945 0.104418 0.035156
0 0.422189 0.388184 0.099398 0.036133
0 0.441265 0.357422 0.087349 0.035156
0 0.459337 0.331055 0.075301 0.029297
0 0.473394 0.302979 0.071285 0.026855
0 0.478414 0.274414 0.065261 0.022461
1 0.451305 0.512939 0.256024 0.513184
