0 0.379883 0.633247 0.031250 0.040799
0 0.379150 0.583767 0.029785 0.035590
0 0.384277 0.540799 0.033203 0.046875
0 0.394775 0.504774 0.032715 0.052951
0 0.406982 0.476128 0.030762 0.049479
0 0.420654 0.448785 0.028809 0.046875
0 0.434082 0.422309 0.025391 0.046007
0 0.445801 0.396701 0.026367 0.045139
0 0.457520 0.374566 0.022461 0.037326
0 0.468018 0.350694 0.022949 0.036458
0 0.478027 0.325955 0.021484 0.037326
0 0.488037 0.302951 0.019043 0.032986
0 0.494629 0.280382 0.017578 0.027778
0 0.501953 0.257378 0.017578 0.028646
1 0.437012 0.457031 0.162109 0.450521
