0 0.428295 0.615873 0.085271 0.057143
0 0.407946 0.574603 0.079457 0.053968
0 0.394380 0.535714 0.067829 0.036508
0 0.398256 0.495238 0.071705 0.038095
0 0.411822 0.456349 0.083333 0.042857
0 0.427326 0.419048 0.075581 0.044444
0 0.438953 0.380952 0.067829 0.041270
0 0.443798 0.346825 0.065891 0.030159
0 0.444767 0.310317 0.067829 0.030159
0 0.443798 0.277778 0.069767 0.031746
0 0.437984 0.248413 0.062016 0.033333
0 0.431202 0.215873 0.056202 0.038095
0 0.425388 0.180952 0.048450 0.028571
1 0.422481 0.408730 0.155039 0.509524
