0 0.451786 0.743200 0.139286 0.043200
0 0.451786 0.696000 0.132143 0.032000
0 0.460714 0.652800 0.128571 0.038400
0 0.480357 0.614400 0.117857 0.038400
0 0.500000 0.577600 0.121429 0.038400
0 0.514286 0.546400 0.114286 0.040000
0 0.532143 0.516000 0.100000 0.033600
0 0.550000 0.484800 0.085714 0.028800
0 0.555357 0.452800 0.082143 0.022400
0 0.544643 0.423200 0.075000 0.024000
0 0.533929 0.396800 0.082143 0.025600
0 0.519643 0.373600 0.075000 0.024000
0 0.496429 0.350400 0.071429 0.028800
0 0.478571 0.326400 0.071429 0.028800
1 0.482143 0.537600 0.300000 0.473600
