0 0.494587 0.810658 0.125846 0.079365
0 0.512855 0.730159 0.127199 0.079365
0 0.533829 0.654762 0.115020 0.075964
0 0.549391 0.585034 0.108254 0.063492
0 0.557510 0.517007 0.097429 0.049887
0 0.555480 0.458050 0.098782 0.049887
0 0.549391 0.401927 0.086604 0.046485
0 0.541949 0.348639 0.079838 0.046485
0 0.535859 0.299320 0.070365 0.043084
0 0.532476 0.247166 0.069012 0.043084
0 0.532476 0.200680 0.069012 0.040816
0 0.537212 0.154195 0.062246 0.043084
0 0.546008 0.107710 0.060893 0.045351
1 0.509472 0.471088 0.234100 0.797052
