0 0.448718 0.694943 0.164835 0.068515
0 0.492674 0.638662 0.150183 0.050571
0 0.505495 0.588907 0.124542 0.035889
0 0.483516 0.547308 0.139194 0.034258
0 0.450549 0.507341 0.146520 0.042414
0 0.419414 0.463295 0.135531 0.035889
0 0.402930 0.427406 0.117216 0.035889
0 0.397436 0.387439 0.113553 0.030995
0 0.406593 0.350734 0.095238 0.032626
0 0.421245 0.317292 0.087912 0.034258
0 0.445055 0.285481 0.084249 0.029364
0 0.465201 0.264274 0.073260 0.026101
0 0.487179 0.243883 0.065934 0.024470
0 0.505495 0.220228 0.073260 0.026101
1 0.461538 0.472268 0.285714 0.559543
