0 0.423979 0.787598 0.119896 0.054688
0 0.395743 0.735107 0.124240 0.056152
0 0.383145 0.680176 0.116421 0.042969
0 0.382711 0.621582 0.120765 0.052734
0 0.401825 0.570557 0.113814 0.048340
0 0.418332 0.527832 0.099913 0.041016
0 0.427889 0.486572 0.087750 0.036621
0 0.434839 0.447754 0.080799 0.031250
0 0.438315 0.411377 0.075586 0.033691
0 0.443527 0.375000 0.072111 0.032227
0 0.456125 0.338135 0.066030 0.026855
0 0.443093 0.303955 0.069505 0.030762
0 0.439183 0.270264 0.073849 0.029785
1 0.409209 0.541504 0.238054 0.583984
