0 0.450739 0.795732 0.113300 0.042683
0 0.460591 0.756098 0.113300 0.036585
0 0.472906 0.705793 0.098522 0.051829
0 0.477833 0.650915 0.088670 0.033537
0 0.472906 0.609756 0.078818 0.030488
0 0.472906 0.574695 0.078818 0.027439
0 0.467980 0.545732 0.078818 0.024390
0 0.458128 0.506098 0.098522 0.042683
0 0.455665 0.460366 0.083744 0.036585
0 0.450739 0.414634 0.083744 0.036585
0 0.458128 0.370427 0.078818 0.039634
0 0.463054 0.329268 0.078818 0.030488
0 0.458128 0.292683 0.078818 0.030488
0 0.455665 0.257622 0.073892 0.033537
1 0.455665 0.532012 0.300493 0.600610
