0 0.456522 0.812568 0.138340 0.046995
0 0.454545 0.753552 0.126482 0.046995
0 0.466403 0.700000 0.126482 0.046995
0 0.481225 0.648634 0.116601 0.046995
0 0.498024 0.598361 0.114625 0.046995
0 0.510870 0.552459 0.104743 0.042623
0 0.526680 0.509836 0.096838 0.042623
0 0.541502 0.471038 0.094862 0.039344
0 0.546443 0.434973 0.081028 0.030601
0 0.538538 0.401093 0.084980 0.034973
0 0.524704 0.369399 0.084980 0.034973
0 0.503953 0.338251 0.071146 0.033880
0 0.485178 0.308197 0.073123 0.034973
0 0.469368 0.278142 0.069170 0.031694
0 0.458498 0.246448 0.063241 0.025137
1 0.492095 0.542623 0.272727 0.648087
