0 0.482558 0.732504 0.124031 0.062208
0 0.488372 0.665630 0.112403 0.055988
0 0.493217 0.605754 0.102713 0.051322
0 0.489341 0.552100 0.094961 0.052877
0 0.475775 0.489891 0.102713 0.052877
0 0.470930 0.438569 0.096899 0.049767
0 0.466085 0.386470 0.083333 0.045101
0 0.467054 0.339813 0.073643 0.038880
0 0.468023 0.295490 0.075581 0.037325
0 0.468023 0.250389 0.067829 0.037325
0 0.470930 0.206843 0.062016 0.037325
0 0.472868 0.167185 0.058140 0.035770
0 0.481589 0.125194 0.052326 0.041991
1 0.488372 0.433904 0.186047 0.693624
