0 0.522727 0.836013 0.118182 0.080386
0 0.500909 0.766077 0.107273 0.072347
0 0.489091 0.697749 0.098182 0.057878
0 0.495455 0.627814 0.096364 0.062701
0 0.517273 0.568328 0.100000 0.069132
0 0.546364 0.512058 0.092727 0.069132
0 0.569091 0.461415 0.083636 0.061093
0 0.585455 0.410772 0.076364 0.049839
0 0.593636 0.359325 0.067273 0.040193
0 0.591818 0.307878 0.070909 0.046624
0 0.577273 0.260450 0.067273 0.051447
0 0.561818 0.215434 0.061818 0.051447
0 0.543636 0.170418 0.061818 0.051447
0 0.524545 0.127010 0.067273 0.048232
1 0.529091 0.493569 0.236364 0.819936
