0 0.512605 0.760121 0.134454 0.038462
0 0.531513 0.720648 0.121849 0.032389
0 0.539916 0.674089 0.138655 0.040486
0 0.548319 0.626518 0.121849 0.034413
0 0.550420 0.582996 0.126050 0.036437
0 0.539916 0.542510 0.121849 0.036437
0 0.525210 0.502024 0.117647 0.036437
0 0.510504 0.463563 0.113445 0.036437
0 0.500000 0.424089 0.092437 0.030364
0 0.510504 0.390688 0.096639 0.028340
0 0.516807 0.360324 0.092437 0.028340
0 0.531513 0.326923 0.105042 0.030364
0 0.539916 0.297571 0.096639 0.028340
0 0.552521 0.270243 0.088235 0.026316
0 0.565126 0.237854 0.096639 0.026316
1 0.512605 0.501012 0.310924 0.670040
