0 0.611299 0.637451 0.140113 0.046387
0 0.571751 0.595459 0.133333 0.046387
0 0.537853 0.556152 0.133333 0.041992
0 0.531638 0.514404 0.107345 0.030762
0 0.538983 0.473145 0.119774 0.036133
0 0.558757 0.437256 0.107345 0.034668
0 0.568927 0.405273 0.102825 0.029297
0 0.577401 0.372803 0.097175 0.027832
0 0.568362 0.343018 0.092655 0.029785
0 0.553672 0.314941 0.085876 0.030273
0 0.537853 0.288818 0.081356 0.030762
0 0.522034 0.262939 0.081356 0.029785
0 0.506780 0.236328 0.075706 0.024414
0 0.501695 0.210938 0.070056 0.021484
1 0.568927 0.432617 0.285876 0.488281
