0 0.430481 0.735549 0.133690 0.049133
0 0.459893 0.790462 0.128342 0.054913
0 0.417112 0.683526 0.117647 0.043353
0 0.409091 0.630058 0.122995 0.040462
0 0.411765 0.579480 0.117647 0.043353
0 0.425134 0.533237 0.112299 0.037572
0 0.435829 0.492775 0.101604 0.031792
0 0.441176 0.453757 0.090909 0.028902
0 0.441176 0.419075 0.090909 0.028902
0 0.438503 0.381503 0.085561 0.028902
0 0.438503 0.346821 0.085561 0.028902
0 0.443850 0.312139 0.074866 0.023121
0 0.443850 0.277457 0.074866 0.028902
1 0.433155 0.541908 0.245989 0.586705
