0 0.355469 0.937934 0.053711 0.066840
0 0.354248 0.848090 0.050293 0.059028
0 0.354736 0.769965 0.054199 0.064236
0 0.361084 0.694878 0.062012 0.073785
0 0.374756 0.628906 0.062012 0.087674
0 0.391602 0.565538 0.060547 0.089410
0 0.409668 0.507812 0.054688 0.086806
0 0.430176 0.456163 0.052734 0.087674
0 0.454102 0.411892 0.046875 0.084201
0 0.481201 0.375434 0.044434 0.082465
0 0.505127 0.340712 0.044434 0.077257
0 0.529541 0.299913 0.045410 0.080729
0 0.547607 0.249132 0.044434 0.072917
1 0.446777 0.583767 0.273438 0.813368
