0 0.569519 0.735549 0.133690 0.049133
0 0.540107 0.790462 0.128342 0.054913
0 0.582888 0.683526 0.117647 0.043353
0 0.590909 0.630058 0.122995 0.040462
0 0.588235 0.579480 0.117647 0.043353
0 0.574866 0.533237 0.112299 0.037572
0 0.564171 0.492775 0.101604 0.031792
0 0.558824 0.453757 0.090909 0.028902
0 0.558824 0.419075 0.090909 0.028902
0 0.561497 0.381503 0.085561 0.028902
0 0.561497 0.346821 0.085561 0.028902
0 0.556150 0.312139 0.074866 0.023121
0 0.556150 0.277457 0.074866 0.028902
1 0.572193 0.541908 0.245989 0.586705
