0 0.440260 0.714286 0.090909 0.035909
0 0.440260 0.673302 0.103896 0.032006
0 0.431818 0.629196 0.094805 0.040593
0 0.432468 0.581577 0.090909 0.037471
0 0.439610 0.535519 0.102597 0.046838
0 0.459091 0.492584 0.094805 0.043716
0 0.475325 0.454333 0.090909 0.042155
0 0.490260 0.418033 0.084416 0.036690
0 0.500000 0.384075 0.077922 0.029664
0 0.502597 0.351288 0.062338 0.026542
0 0.496753 0.318111 0.061039 0.028884
0 0.485714 0.286495 0.054545 0.029664
0 0.475325 0.258782 0.051948 0.027322
1 0.461688 0.494926 0.227273 0.529274
