0 0.468018 0.648438 0.036621 0.052083
0 0.458740 0.606771 0.033691 0.052083
0 0.446045 0.564670 0.036621 0.058160
0 0.431641 0.528646 0.032227 0.052083
0 0.419678 0.498264 0.030762 0.053819
0 0.405029 0.467882 0.026855 0.048611
0 0.389160 0.442274 0.026367 0.046007
0 0.375244 0.422309 0.020020 0.039062
0 0.362793 0.404948 0.017578 0.033854
0 0.354736 0.384983 0.018066 0.035590
0 0.345947 0.366753 0.015137 0.030382
0 0.337646 0.350260 0.015137 0.028646
0 0.326172 0.332031 0.014648 0.030382
0 0.318115 0.313368 0.014160 0.027778
1 0.396973 0.490885 0.186523 0.414062
