0 0.510163 0.691250 0.134146 0.072500
0 0.482724 0.633750 0.123984 0.055000
0 0.478659 0.575625 0.111789 0.041250
0 0.484756 0.525000 0.119919 0.047500
0 0.509146 0.478125 0.111789 0.046250
0 0.539634 0.438750 0.099593 0.052500
0 0.569106 0.402500 0.101626 0.047500
0 0.592480 0.364375 0.083333 0.046250
0 0.614837 0.328750 0.063008 0.030000
0 0.609756 0.296250 0.060976 0.035000
0 0.592480 0.260625 0.063008 0.038750
0 0.568089 0.228750 0.054878 0.035000
0 0.550813 0.193750 0.056911 0.032500
1 0.529472 0.464375 0.327236 0.613750
