0 0.559740 0.714286 0.090909 0.035909
0 0.559740 0.673302 0.103896 0.032006
0 0.568182 0.629196 0.094805 0.040593
0 0.567532 0.581577 0.090909 0.037471
0 0.560390 0.535519 0.102597 0.046838
0 0.540909 0.492584 0.094805 0.043716
0 0.524675 0.454333 0.090909 0.042155
0 0.509740 0.418033 0.084416 0.036690
0 0.500000 0.384075 0.077922 0.029664
0 0.497403 0.351288 0.062338 0.026542
0 0.503247 0.318111 0.061039 0.028884
0 0.514286 0.286495 0.054545 0.029664
0 0.524675 0.258782 0.051948 0.027322
1 0.539610 0.494926 0.227273 0.529274
