0 0.445743 0.800088 0.143573 0.050309
0 0.472454 0.749338 0.143573 0.060018
0 0.493322 0.701677 0.138564 0.058252
0 0.525042 0.653575 0.135225 0.052074
0 0.555092 0.610327 0.131886 0.048544
0 0.577629 0.570168 0.126878 0.044131
0 0.590150 0.527802 0.121870 0.045896
0 0.606845 0.485878 0.101836 0.025596
0 0.603506 0.456311 0.091820 0.030009
0 0.592654 0.426743 0.080134 0.034422
0 0.585977 0.394528 0.076795 0.033539
0 0.570117 0.363195 0.078464 0.032657
0 0.559265 0.330538 0.080134 0.030891
0 0.552588 0.298323 0.080134 0.030009
1 0.511686 0.561342 0.328881 0.570168
