0 0.476316 0.753131 0.110526 0.046512
0 0.465789 0.703041 0.094737 0.046512
0 0.463158 0.645796 0.089474 0.042934
0 0.463158 0.593918 0.089474 0.039356
0 0.465789 0.548301 0.089474 0.041145
0 0.475000 0.505367 0.086842 0.037567
0 0.482895 0.465116 0.081579 0.035778
0 0.484211 0.426655 0.073684 0.033989
0 0.489474 0.390877 0.063158 0.030411
0 0.489474 0.354204 0.063158 0.028623
0 0.490789 0.318426 0.060526 0.028623
0 0.492105 0.282648 0.063158 0.028623
0 0.493421 0.251342 0.055263 0.026834
0 0.488158 0.218247 0.060526 0.025045
1 0.447368 0.488372 0.331579 0.654741
