0 0.517572 0.684976 0.127796 0.045234
0 0.496805 0.742326 0.143770 0.053312
0 0.466454 0.794023 0.146965 0.066236
0 0.525559 0.634087 0.124601 0.040388
0 0.519169 0.586430 0.130990 0.042003
0 0.506390 0.541195 0.124601 0.042003
0 0.495208 0.500000 0.108626 0.033926
0 0.488818 0.462843 0.102236 0.030695
0 0.493610 0.425687 0.092652 0.030695
0 0.493610 0.389338 0.092652 0.029079
0 0.492013 0.355412 0.083067 0.025848
0 0.490415 0.323910 0.079872 0.027464
0 0.485623 0.287561 0.070288 0.032310
1 0.482428 0.542811 0.287540 0.597738
