0 0.522177 0.825411 0.157258 0.060329
0 0.566532 0.782450 0.141129 0.054845
0 0.608871 0.738574 0.137097 0.051188
0 0.641129 0.692870 0.120968 0.036563
0 0.643145 0.647166 0.125000 0.032907
0 0.625000 0.609689 0.112903 0.034735
0 0.604839 0.580439 0.104839 0.023766
0 0.582661 0.551188 0.108871 0.038391
0 0.562500 0.515539 0.108871 0.040219
0 0.540323 0.482633 0.096774 0.032907
0 0.528226 0.448812 0.088710 0.027422
0 0.532258 0.416819 0.088710 0.029250
0 0.544355 0.386654 0.080645 0.031079
0 0.560484 0.356490 0.072581 0.029250
0 0.574597 0.329068 0.060484 0.025594
0 0.592742 0.300731 0.072581 0.027422
1 0.570565 0.574040 0.326613 0.599634
