0 0.477823 0.825411 0.157258 0.060329
0 0.433468 0.782450 0.141129 0.054845
0 0.391129 0.738574 0.137097 0.051188
0 0.358871 0.692870 0.120968 0.036563
0 0.356855 0.647166 0.125000 0.032907
0 0.375000 0.609689 0.112903 0.034735
0 0.395161 0.580439 0.104839 0.023766
0 0.417339 0.551188 0.108871 0.038391
0 0.437500 0.515539 0.108871 0.040219
0 0.459677 0.482633 0.096774 0.032907
0 0.471774 0.448812 0.088710 0.027422
0 0.467742 0.416819 0.088710 0.029250
0 0.455645 0.386654 0.080645 0.031079
0 0.439516 0.356490 0.072581 0.029250
0 0.425403 0.329068 0.060484 0.025594
0 0.407258 0.300731 0.072581 0.027422
1 0.431452 0.574040 0.330645 0.599634
