0 0.523684 0.753131 0.110526 0.046512
0 0.534211 0.703041 0.094737 0.046512
0 0.536842 0.645796 0.089474 0.042934
0 0.536842 0.593918 0.089474 0.039356
0 0.534211 0.548301 0.089474 0.041145
0 0.525000 0.505367 0.086842 0.037567
0 0.517105 0.465116 0.081579 0.035778
0 0.515789 0.426655 0.073684 0.033989
0 0.510526 0.390877 0.063158 0.030411
0 0.510526 0.354204 0.063158 0.028623
0 0.509211 0.318426 0.060526 0.028623
0 0.507895 0.282648 0.063158 0.028623
0 0.506579 0.251342 0.055263 0.026834
0 0.511842 0.218247 0.060526 0.025045
1 0.552632 0.488372 0.331579 0.654741
