0 0.482332 0.741627 0.123675 0.052632
0 0.489399 0.679426 0.116608 0.052632
0 0.494700 0.617225 0.120141 0.057416
0 0.515901 0.559809 0.127208 0.066986
0 0.544170 0.498804 0.120141 0.064593
0 0.560071 0.448565 0.102473 0.045455
0 0.570671 0.403110 0.102473 0.045455
0 0.577739 0.361244 0.095406 0.038278
0 0.581272 0.318182 0.088339 0.038278
0 0.574205 0.277512 0.081272 0.038278
0 0.560071 0.240431 0.081272 0.040670
0 0.535336 0.205742 0.074205 0.043062
0 0.515901 0.167464 0.070671 0.043062
0 0.498233 0.131579 0.063604 0.043062
1 0.524735 0.444976 0.257951 0.693780
