0 0.441089 0.813232 0.121551 0.068848
0 0.469426 0.762207 0.117077 0.059570
0 0.490679 0.712402 0.102908 0.048828
0 0.498509 0.663086 0.087248 0.039062
0 0.493289 0.619629 0.093214 0.038086
0 0.476883 0.578613 0.093214 0.042969
0 0.458240 0.538086 0.090231 0.042969
0 0.448173 0.501221 0.080537 0.039551
0 0.443326 0.464844 0.070843 0.029297
0 0.444817 0.430420 0.072334 0.033691
0 0.454884 0.399414 0.062640 0.030273
0 0.465697 0.365967 0.063386 0.033691
0 0.481357 0.335205 0.054437 0.032715
1 0.461969 0.588135 0.222968 0.567871
