0 0.619112 0.760986 0.118659 0.059082
0 0.642210 0.703857 0.121377 0.053223
0 0.645380 0.645264 0.115036 0.044434
0 0.623188 0.593506 0.126812 0.051270
0 0.598279 0.543701 0.131341 0.056152
0 0.571105 0.500732 0.120471 0.047363
0 0.542120 0.459229 0.105978 0.041504
0 0.528533 0.420898 0.095109 0.035156
0 0.526721 0.384521 0.087862 0.029785
0 0.529438 0.344482 0.082428 0.034668
0 0.539855 0.310547 0.076087 0.033203
0 0.549819 0.277100 0.067029 0.029785
0 0.550725 0.242432 0.057971 0.025879
0 0.557065 0.209961 0.048913 0.025391
1 0.595562 0.505127 0.281703 0.626465
