0 0.558911 0.813232 0.121551 0.068848
0 0.530574 0.762207 0.117077 0.059570
0 0.509321 0.712402 0.102908 0.048828
0 0.501491 0.663086 0.087248 0.039062
0 0.506711 0.619629 0.093214 0.038086
0 0.523117 0.578613 0.093214 0.042969
0 0.541760 0.538086 0.090231 0.042969
0 0.551827 0.501221 0.080537 0.039551
0 0.556674 0.464844 0.070843 0.029297
0 0.555183 0.430420 0.072334 0.033691
0 0.545116 0.399414 0.062640 0.030273
0 0.534303 0.365967 0.063386 0.033691
0 0.518643 0.335205 0.054437 0.032715
1 0.538031 0.588135 0.222968 0.567871
