0 0.482428 0.684976 0.127796 0.045234
0 0.503195 0.742326 0.143770 0.053312
0 0.533546 0.794023 0.146965 0.066236
0 0.474441 0.634087 0.124601 0.040388
0 0.480831 0.586430 0.130990 0.042003
0 0.493610 0.541195 0.124601 0.042003
0 0.504792 0.500000 0.108626 0.033926
0 0.511182 0.462843 0.102236 0.030695
0 0.506390 0.425687 0.092652 0.030695
0 0.506390 0.389338 0.092652 0.029079
0 0.507987 0.355412 0.083067 0.025848
0 0.509585 0.323910 0.079872 0.027464
0 0.514377 0.287561 0.070288 0.032310
1 0.520767 0.542811 0.287540 0.597738
