0 0.371486 0.672811 0.184739 0.066359
0 0.339357 0.618433 0.156627 0.047926
0 0.339357 0.563594 0.148594 0.043318
0 0.364458 0.517972 0.150602 0.046083
0 0.393574 0.470046 0.140562 0.049770
0 0.414659 0.427650 0.134538 0.042396
0 0.433735 0.388018 0.112450 0.036866
0 0.446787 0.349309 0.106426 0.036866
0 0.460843 0.313825 0.102410 0.034101
0 0.476908 0.282949 0.098394 0.033180
0 0.485944 0.252535 0.084337 0.025806
0 0.490964 0.225346 0.066265 0.023041
0 0.502008 0.199539 0.060241 0.021198
0 0.503012 0.174654 0.066265 0.023041
0 0.510040 0.147465 0.068273 0.025806
0 0.513052 0.121198 0.070281 0.023041
1 0.403614 0.397235 0.317269 0.628571
