0 0.467456 0.819569 0.118343 0.041293
0 0.471893 0.765709 0.103550 0.041293
0 0.461538 0.715440 0.100592 0.041293
0 0.451183 0.671454 0.097633 0.035907
0 0.446746 0.629264 0.100592 0.037702
0 0.440828 0.586176 0.088757 0.034111
0 0.439349 0.545781 0.085799 0.032316
0 0.439349 0.508079 0.085799 0.035907
0 0.451183 0.473968 0.085799 0.032316
0 0.457101 0.442549 0.073964 0.030521
0 0.468935 0.409336 0.068047 0.032316
0 0.473373 0.377917 0.065089 0.030521
0 0.476331 0.343806 0.065089 0.026930
1 0.458580 0.585278 0.195266 0.531418
