0 0.521084 0.736816 0.116466 0.038086
0 0.518574 0.687744 0.115462 0.038574
0 0.534137 0.642334 0.122490 0.041504
0 0.556225 0.600342 0.122490 0.044434
0 0.577309 0.561523 0.118474 0.041992
0 0.589357 0.524902 0.108434 0.035156
0 0.593876 0.486572 0.107430 0.028809
0 0.597892 0.450439 0.111446 0.030762
0 0.592369 0.418945 0.104418 0.035156
0 0.577811 0.388184 0.099398 0.036133
0 0.558735 0.357422 0.087349 0.035156
0 0.540663 0.331055 0.075301 0.029297
0 0.526606 0.302979 0.071285 0.026855
0 0.521586 0.274414 0.065261 0.022461
1 0.548695 0.512939 0.256024 0.513184
