0 0.644531 0.937934 0.053711 0.066840
0 0.645752 0.848090 0.050293 0.059028
0 0.645264 0.769965 0.054199 0.064236
0 0.638916 0.694878 0.062012 0.073785
0 0.625244 0.628906 0.062012 0.087674
0 0.608398 0.565538 0.060547 0.089410
0 0.590332 0.507812 0.054688 0.086806
0 0.569824 0.456163 0.052734 0.087674
0 0.545898 0.411892 0.046875 0.084201
0 0.518799 0.375434 0.044434 0.082465
0 0.494873 0.340712 0.044434 0.077257
0 0.470459 0.299913 0.045410 0.080729
0 0.452393 0.249132 0.044434 0.072917
1 0.553223 0.583767 0.273438 0.813368
