0 0.532438 0.798096 0.161074 0.049316
0 0.501678 0.759521 0.146532 0.042480
0 0.480425 0.718994 0.133110 0.032715
0 0.482662 0.676514 0.139821 0.032715
0 0.497763 0.640381 0.134228 0.037598
0 0.521812 0.608154 0.137584 0.043457
0 0.550336 0.575928 0.120805 0.038574
0 0.569351 0.545166 0.105145 0.031738
0 0.576622 0.510986 0.108501 0.026855
0 0.582215 0.479980 0.108501 0.025391
0 0.569911 0.448730 0.119687 0.031250
0 0.562081 0.418945 0.115213 0.029297
0 0.560403 0.390137 0.129754 0.030273
0 0.551454 0.358643 0.111857 0.025879
0 0.550895 0.331787 0.121924 0.019043
0 0.554810 0.305664 0.120805 0.018555
1 0.521812 0.564453 0.327740 0.570312
