0 0.461031 0.769775 0.176259 0.052246
0 0.502998 0.726318 0.152278 0.045410
0 0.523381 0.684570 0.137890 0.033203
0 0.531175 0.640137 0.141487 0.030273
0 0.518585 0.603760 0.152278 0.040527
0 0.494604 0.570312 0.135492 0.041992
0 0.472422 0.537109 0.124700 0.036133
0 0.456235 0.503662 0.099520 0.028809
0 0.453237 0.470703 0.107914 0.026367
0 0.458034 0.437012 0.117506 0.028320
0 0.465827 0.405762 0.118705 0.032227
0 0.484412 0.375244 0.107914 0.031738
0 0.497002 0.344482 0.104317 0.029785
0 0.505396 0.314941 0.104317 0.024414
0 0.503597 0.284668 0.105516 0.020508
0 0.505396 0.257568 0.109113 0.017090
1 0.476619 0.534424 0.413669 0.614746
