0 0.481343 0.555317 0.121891 0.036520
0 0.467662 0.524168 0.119403 0.032223
0 0.465174 0.493018 0.109453 0.027927
0 0.467662 0.460258 0.099502 0.024705
0 0.462687 0.429646 0.109453 0.025779
0 0.468905 0.401719 0.092040 0.025779
0 0.472637 0.375403 0.084577 0.024705
0 0.480100 0.348550 0.084577 0.026853
0 0.488806 0.321160 0.082090 0.025779
0 0.497512 0.294307 0.084577 0.027927
0 0.504975 0.265843 0.074627 0.024705
0 0.507463 0.240602 0.069652 0.019334
0 0.506219 0.215897 0.082090 0.019334
0 0.504975 0.193878 0.084577 0.018260
0 0.508706 0.173469 0.092040 0.016112
1 0.476368 0.372718 0.206468 0.440387
