0 0.522727 0.755701 0.161157 0.045040
0 0.493802 0.723774 0.141873 0.037058
0 0.482094 0.688997 0.126722 0.031357
0 0.478650 0.649658 0.106061 0.030217
0 0.502066 0.616306 0.119835 0.035348
0 0.535124 0.585519 0.119835 0.034208
0 0.559917 0.559293 0.100551 0.029647
0 0.567493 0.530217 0.085399 0.023945
0 0.567493 0.502281 0.085399 0.021665
0 0.565427 0.476910 0.086777 0.023375
0 0.556474 0.450684 0.088154 0.022235
0 0.541322 0.427024 0.082645 0.021665
0 0.529614 0.403934 0.075758 0.022235
0 0.522727 0.379133 0.086777 0.023945
0 0.511708 0.354048 0.084022 0.025086
1 0.518595 0.557583 0.257576 0.461802
