0 0.477273 0.755701 0.161157 0.045040
0 0.506198 0.723774 0.141873 0.037058
0 0.517906 0.688997 0.126722 0.031357
0 0.521350 0.649658 0.106061 0.030217
0 0.497934 0.616306 0.119835 0.035348
0 0.464876 0.585519 0.119835 0.034208
0 0.440083 0.559293 0.100551 0.029647
0 0.432507 0.530217 0.085399 0.023945
0 0.432507 0.502281 0.085399 0.021665
0 0.434573 0.476910 0.086777 0.023375
0 0.443526 0.450684 0.088154 0.022235
0 0.458678 0.427024 0.082645 0.021665
0 0.470386 0.403934 0.075758 0.022235
0 0.477273 0.379133 0.086777 0.023945
0 0.488292 0.354048 0.084022 0.025086
1 0.481405 0.557583 0.257576 0.461802
