0 0.487903 0.743304 0.161290 0.049107
0 0.521169 0.708333 0.159274 0.040179
0 0.561492 0.675595 0.139113 0.037202
0 0.578629 0.641369 0.116935 0.029762
0 0.560484 0.607143 0.129032 0.034226
0 0.529234 0.578497 0.131048 0.037946
0 0.513105 0.547619 0.122984 0.031250
0 0.503024 0.518601 0.102823 0.025298
0 0.500000 0.489211 0.104839 0.026042
0 0.506048 0.462054 0.104839 0.023810
0 0.513105 0.437128 0.094758 0.026042
0 0.520161 0.411086 0.092742 0.024554
0 0.531250 0.383557 0.082661 0.026042
0 0.541331 0.357515 0.090726 0.024554
0 0.551411 0.332961 0.090726 0.024554
0 0.562500 0.309896 0.092742 0.021577
1 0.511089 0.536830 0.292339 0.518601
