0 0.669600 0.724335 0.107200 0.069708
0 0.678400 0.653992 0.108800 0.065906
0 0.685600 0.586185 0.104000 0.062104
0 0.692800 0.520279 0.099200 0.049430
0 0.680000 0.461343 0.099200 0.055767
0 0.668800 0.406210 0.096000 0.057034
0 0.650400 0.354880 0.088000 0.058302
0 0.632000 0.311787 0.086400 0.053232
0 0.615200 0.267427 0.081600 0.050697
0 0.597600 0.224335 0.072000 0.045627
0 0.589600 0.181876 0.072000 0.036755
0 0.586400 0.139417 0.065600 0.035488
0 0.591200 0.097592 0.068800 0.040558
1 0.656800 0.399240 0.238400 0.757921
