0 0.482836 0.779537 0.111940 0.048649
0 0.479104 0.725869 0.131343 0.054054
0 0.463433 0.664479 0.111940 0.047104
0 0.470896 0.610811 0.117910 0.044788
0 0.479851 0.561390 0.120896 0.047876
0 0.494030 0.516988 0.119403 0.040927
0 0.517910 0.476448 0.110448 0.041699
0 0.535821 0.439382 0.113433 0.035521
0 0.542537 0.404247 0.100000 0.030116
0 0.538806 0.370656 0.104478 0.035521
0 0.523881 0.337452 0.101493 0.038610
0 0.504478 0.306178 0.092537 0.034749
0 0.492537 0.277606 0.077612 0.034749
0 0.484328 0.247490 0.070149 0.027027
1 0.515672 0.532046 0.410448 0.657915
