0 0.474048 0.789238 0.124567 0.062780
0 0.455017 0.727578 0.121107 0.065022
0 0.444637 0.662556 0.107266 0.056054
0 0.455017 0.604260 0.114187 0.056054
0 0.479239 0.549327 0.114187 0.062780
0 0.506920 0.505605 0.114187 0.060538
0 0.527682 0.464126 0.100346 0.049327
0 0.536332 0.420404 0.076125 0.042601
0 0.522491 0.372197 0.062284 0.040359
0 0.510381 0.334081 0.065744 0.035874
0 0.500000 0.299327 0.079585 0.047085
0 0.477509 0.262332 0.076125 0.044843
0 0.458478 0.225336 0.072664 0.042601
0 0.446367 0.190583 0.076125 0.035874
1 0.496540 0.507848 0.307958 0.746637
