0 0.500000 0.729233 0.150000 0.068690
0 0.529167 0.682907 0.147222 0.065495
0 0.559722 0.630990 0.125000 0.051118
0 0.565278 0.587859 0.113889 0.038339
0 0.565278 0.543131 0.113889 0.044728
0 0.547222 0.503994 0.111111 0.039936
0 0.526389 0.467252 0.097222 0.039936
0 0.509722 0.432109 0.097222 0.039936
0 0.493056 0.393770 0.080556 0.039936
0 0.480556 0.354633 0.077778 0.038339
0 0.470833 0.316294 0.075000 0.035144
0 0.470833 0.278754 0.075000 0.033546
0 0.487500 0.243610 0.069444 0.033546
1 0.498611 0.491214 0.336111 0.666134
