0 0.486692 0.748971 0.121673 0.049383
0 0.486692 0.687243 0.121673 0.049383
0 0.488593 0.628601 0.125475 0.047325
0 0.479087 0.577160 0.121673 0.047325
0 0.471483 0.528807 0.114068 0.041152
0 0.463878 0.486626 0.106464 0.039095
0 0.461977 0.445473 0.102662 0.039095
0 0.458175 0.407407 0.095057 0.037037
0 0.458175 0.368313 0.087452 0.032922
0 0.460076 0.331276 0.083650 0.028807
0 0.460076 0.295267 0.083650 0.034979
0 0.465779 0.256173 0.087452 0.030864
0 0.465779 0.222222 0.079848 0.028807
2 0.431559 0.524691 0.262357 0.703704
