0 0.459559 0.971108 0.104412 0.051364
0 0.458824 0.888443 0.100000 0.072231
0 0.460294 0.800963 0.100000 0.073836
0 0.462500 0.723114 0.092647 0.065811
0 0.462500 0.647673 0.086765 0.056180
0 0.458088 0.582665 0.083824 0.048154
0 0.462500 0.519262 0.080882 0.052970
0 0.461029 0.459872 0.069118 0.046549
0 0.457353 0.398074 0.067647 0.048154
0 0.457353 0.341894 0.064706 0.044944
0 0.455147 0.284912 0.063235 0.046549
0 0.451471 0.227929 0.055882 0.048154
0 0.451471 0.173355 0.058824 0.044944
2 0.461029 0.560193 0.219118 0.879615
