0 0.463014 0.694051 0.126027 0.045326
0 0.460274 0.642351 0.120548 0.043909
0 0.454795 0.591360 0.115068 0.041076
0 0.452055 0.544618 0.109589 0.038244
0 0.454795 0.500708 0.104110 0.035411
0 0.457534 0.462465 0.104110 0.029745
0 0.458904 0.429178 0.101370 0.028329
0 0.461644 0.393768 0.090411 0.025496
0 0.464384 0.364023 0.079452 0.028329
0 0.463014 0.332153 0.082192 0.024079
0 0.458904 0.301700 0.073973 0.025496
0 0.454795 0.271246 0.065753 0.024079
0 0.458904 0.240085 0.063014 0.024079
2 0.465753 0.478754 0.235616 0.592068
