0 0.511861 0.741150 0.136861 0.061947
0 0.538321 0.686947 0.135036 0.061947
0 0.564781 0.640487 0.111314 0.050885
0 0.574818 0.586836 0.105839 0.043142
0 0.571168 0.539823 0.098540 0.046460
0 0.557482 0.498341 0.093066 0.043142
0 0.539234 0.468473 0.078467 0.029867
0 0.522810 0.438053 0.078467 0.039823
0 0.507299 0.399336 0.080292 0.042035
0 0.494526 0.359513 0.076642 0.037611
0 0.488139 0.321350 0.071168 0.034292
0 0.488139 0.282080 0.067518 0.030973
0 0.502737 0.247788 0.071168 0.033186
1 0.524635 0.509403 0.290146 0.591814
