0 0.539863 0.723118 0.173121 0.065591
0 0.576310 0.673656 0.164009 0.061290
0 0.607062 0.625269 0.148064 0.052688
0 0.624146 0.580108 0.136674 0.044086
0 0.617312 0.532796 0.104784 0.041935
0 0.592255 0.491398 0.109339 0.036559
0 0.574032 0.460753 0.095672 0.026882
0 0.553531 0.430108 0.095672 0.030108
0 0.533030 0.391935 0.100228 0.037634
0 0.519362 0.354301 0.100228 0.035484
0 0.510251 0.316667 0.091116 0.031183
0 0.509112 0.278495 0.093394 0.043011
0 0.527335 0.242473 0.084282 0.033333
1 0.555809 0.494086 0.364465 0.607527
