0 0.538976 0.835251 0.146993 0.055439
0 0.581292 0.783996 0.138085 0.049163
0 0.611359 0.737448 0.131403 0.048117
0 0.623608 0.695607 0.120267 0.039749
0 0.626949 0.660042 0.100223 0.033473
0 0.618040 0.627092 0.095768 0.026151
0 0.606904 0.597280 0.086860 0.027197
0 0.599109 0.567469 0.084633 0.028243
0 0.592428 0.539749 0.080178 0.027197
0 0.584633 0.508891 0.073497 0.030335
0 0.571269 0.480126 0.073497 0.025105
0 0.567929 0.452929 0.062361 0.029289
0 0.562361 0.424163 0.060134 0.021967
0 0.559020 0.399059 0.062361 0.021967
1 0.564588 0.627615 0.282851 0.523013
