0 0.481436 0.781633 0.116337 0.057143
0 0.481436 0.707143 0.111386 0.055102
0 0.480198 0.637755 0.099010 0.051020
0 0.483911 0.574490 0.091584 0.051020
0 0.486386 0.516327 0.096535 0.048980
0 0.482673 0.460204 0.079208 0.042857
0 0.482673 0.413265 0.079208 0.042857
0 0.482673 0.366327 0.069307 0.038776
0 0.483911 0.322449 0.066832 0.036735
0 0.482673 0.281633 0.064356 0.040816
0 0.478960 0.238776 0.056931 0.036735
0 0.476485 0.193878 0.051980 0.040816
0 0.474010 0.151020 0.047030 0.040816
2 0.474010 0.494898 0.240099 0.785714
