0 0.506329 0.698312 0.116456 0.067511
0 0.516456 0.641350 0.096203 0.050633
0 0.511392 0.582278 0.096203 0.059072
0 0.489873 0.531646 0.093671 0.059072
0 0.468354 0.482068 0.096203 0.065401
0 0.443038 0.437764 0.096203 0.061181
0 0.426582 0.393460 0.078481 0.040084
0 0.424051 0.353376 0.068354 0.031646
0 0.434177 0.317511 0.068354 0.044304
0 0.450633 0.284810 0.060759 0.046414
0 0.465823 0.248945 0.060759 0.042194
0 0.474684 0.212025 0.058228 0.040084
0 0.483544 0.177215 0.055696 0.033755
1 0.472152 0.459916 0.230380 0.683544
