0 0.514563 0.833111 0.116505 0.066756
0 0.482524 0.780374 0.118447 0.065421
0 0.453398 0.727637 0.110680 0.061415
0 0.436893 0.679573 0.100971 0.045394
0 0.443689 0.629506 0.095146 0.038718
0 0.457282 0.587450 0.095146 0.048064
0 0.478641 0.548064 0.091262 0.044059
0 0.487379 0.508678 0.077670 0.040053
0 0.495146 0.471295 0.073786 0.032043
0 0.499029 0.430574 0.066019 0.033378
0 0.494175 0.393858 0.071845 0.032043
0 0.485437 0.358478 0.066019 0.033378
0 0.479612 0.323097 0.062136 0.032043
0 0.473786 0.289720 0.054369 0.029372
0 0.466019 0.255007 0.054369 0.029372
1 0.490291 0.560080 0.266019 0.692924
