0 0.475434 0.713322 0.124277 0.053963
0 0.472543 0.653457 0.112717 0.045531
0 0.466763 0.596121 0.112717 0.045531
0 0.469653 0.546374 0.112717 0.043845
0 0.475434 0.499157 0.101156 0.037099
0 0.472543 0.457841 0.095376 0.035413
0 0.476879 0.419056 0.086705 0.032040
0 0.475434 0.380270 0.078035 0.035413
0 0.473988 0.344013 0.075145 0.033727
0 0.469653 0.306914 0.066474 0.033727
0 0.469653 0.271501 0.066474 0.030354
0 0.469653 0.236088 0.060694 0.033727
0 0.471098 0.199831 0.063584 0.028668
2 0.475434 0.463744 0.222543 0.661046
