0 0.439148 0.688058 0.160243 0.065848
0 0.409736 0.633929 0.158215 0.066964
0 0.379310 0.586496 0.133874 0.054688
0 0.371197 0.538504 0.129817 0.036830
0 0.374239 0.491071 0.119675 0.046875
0 0.387424 0.446429 0.113590 0.049107
0 0.409736 0.413504 0.093306 0.032366
0 0.424949 0.381138 0.099391 0.041295
0 0.444219 0.343750 0.089249 0.037946
0 0.459432 0.302455 0.087221 0.037946
0 0.463489 0.264509 0.087221 0.035714
0 0.460446 0.224888 0.081136 0.030134
0 0.442191 0.185826 0.077079 0.032366
1 0.444219 0.436384 0.381339 0.660714
