0 0.488139 0.741150 0.136861 0.061947
0 0.461679 0.686947 0.135036 0.061947
0 0.435219 0.640487 0.111314 0.050885
0 0.425182 0.586836 0.105839 0.043142
0 0.428832 0.539823 0.098540 0.046460
0 0.442518 0.498341 0.093066 0.043142
0 0.460766 0.468473 0.078467 0.029867
0 0.477190 0.438053 0.078467 0.039823
0 0.492701 0.399336 0.080292 0.042035
0 0.505474 0.359513 0.076642 0.037611
0 0.511861 0.321350 0.071168 0.034292
0 0.511861 0.282080 0.067518 0.030973
0 0.497263 0.247788 0.071168 0.033186
1 0.475365 0.509403 0.290146 0.591814
