0 0.394737 0.835249 0.122807 0.074074
0 0.430799 0.771392 0.124756 0.066411
0 0.450292 0.708812 0.113060 0.056194
0 0.454191 0.646232 0.101365 0.051086
0 0.443470 0.591954 0.099415 0.049808
0 0.426901 0.542784 0.101365 0.048531
0 0.410331 0.496169 0.083821 0.044700
0 0.403509 0.452746 0.074074 0.037037
0 0.401559 0.409962 0.074074 0.035760
0 0.405458 0.370370 0.070175 0.035760
0 0.409357 0.333333 0.066277 0.038314
0 0.420078 0.296935 0.068226 0.034483
0 0.433723 0.261175 0.068226 0.037037
1 0.406433 0.561941 0.278752 0.707535
