0 0.466935 0.844327 0.120968 0.068602
0 0.477419 0.769129 0.112903 0.073879
0 0.499194 0.697230 0.114516 0.080475
0 0.524194 0.635224 0.103226 0.069921
0 0.545968 0.573879 0.104839 0.071240
0 0.563710 0.515172 0.095161 0.064644
0 0.578226 0.461082 0.095161 0.059367
0 0.586290 0.408311 0.085484 0.054090
0 0.594355 0.360158 0.075806 0.050132
0 0.601613 0.312005 0.070968 0.048813
0 0.620161 0.269129 0.069355 0.052770
0 0.645161 0.228232 0.074194 0.058047
0 0.673387 0.197230 0.066129 0.051451
0 0.705645 0.164248 0.072581 0.054090
1 0.563710 0.517810 0.504839 0.866755
