0 0.560852 0.688058 0.160243 0.065848
0 0.590264 0.633929 0.158215 0.066964
0 0.620690 0.586496 0.133874 0.054688
0 0.628803 0.538504 0.129817 0.036830
0 0.625761 0.491071 0.119675 0.046875
0 0.612576 0.446429 0.113590 0.049107
0 0.590264 0.413504 0.093306 0.032366
0 0.575051 0.381138 0.099391 0.041295
0 0.555781 0.343750 0.089249 0.037946
0 0.540568 0.302455 0.087221 0.037946
0 0.536511 0.264509 0.087221 0.035714
0 0.539554 0.224888 0.081136 0.030134
0 0.557809 0.185826 0.077079 0.032366
1 0.555781 0.436384 0.381339 0.660714
