0 0.461024 0.835251 0.146993 0.055439
0 0.418708 0.783996 0.138085 0.049163
0 0.388641 0.737448 0.131403 0.048117
0 0.376392 0.695607 0.120267 0.039749
0 0.373051 0.660042 0.100223 0.033473
0 0.381960 0.627092 0.095768 0.026151
0 0.393096 0.597280 0.086860 0.027197
0 0.400891 0.567469 0.084633 0.028243
0 0.407572 0.539749 0.080178 0.027197
0 0.415367 0.508891 0.073497 0.030335
0 0.428731 0.480126 0.073497 0.025105
0 0.432071 0.452929 0.062361 0.029289
0 0.437639 0.424163 0.060134 0.021967
0 0.440980 0.399059 0.062361 0.021967
1 0.435412 0.627615 0.282851 0.523013
