0 0.506494 0.753472 0.116883 0.067130
0 0.524351 0.688657 0.113636 0.062500
0 0.530844 0.618056 0.107143 0.055556
0 0.522727 0.557870 0.103896 0.055556
0 0.500000 0.503472 0.110390 0.067130
0 0.475649 0.456019 0.107143 0.060185
0 0.449675 0.416667 0.087662 0.055556
0 0.446429 0.366898 0.061688 0.034722
0 0.456169 0.322917 0.074675 0.043981
0 0.470779 0.285880 0.071429 0.043981
0 0.487013 0.245370 0.077922 0.046296
0 0.503247 0.206019 0.077922 0.050926
0 0.521104 0.168981 0.074675 0.041667
0 0.535714 0.131944 0.064935 0.037037
1 0.524351 0.451389 0.301948 0.768519
