0 0.536986 0.694051 0.126027 0.045326
0 0.539726 0.642351 0.120548 0.043909
0 0.545205 0.591360 0.115068 0.041076
0 0.547945 0.544618 0.109589 0.038244
0 0.545205 0.500708 0.104110 0.035411
0 0.542466 0.462465 0.104110 0.029745
0 0.541096 0.429178 0.101370 0.028329
0 0.538356 0.393768 0.090411 0.025496
0 0.535616 0.364023 0.079452 0.028329
0 0.536986 0.332153 0.082192 0.024079
0 0.541096 0.301700 0.073973 0.025496
0 0.545205 0.271246 0.065753 0.024079
0 0.541096 0.240085 0.063014 0.024079
2 0.534247 0.478754 0.235616 0.592068
