0 0.513308 0.748971 0.121673 0.049383
0 0.513308 0.687243 0.121673 0.049383
0 0.511407 0.628601 0.125475 0.047325
0 0.520913 0.577160 0.121673 0.047325
0 0.528517 0.528807 0.114068 0.041152
0 0.536122 0.486626 0.106464 0.039095
0 0.538023 0.445473 0.102662 0.039095
0 0.541825 0.407407 0.095057 0.037037
0 0.541825 0.368313 0.087452 0.032922
0 0.539924 0.331276 0.083650 0.028807
0 0.539924 0.295267 0.083650 0.034979
0 0.534221 0.256173 0.087452 0.030864
0 0.534221 0.222222 0.079848 0.028807
2 0.568441 0.524691 0.262357 0.703704
