0 0.532051 0.793143 0.128205 0.050286
0 0.543803 0.741714 0.108974 0.036571
0 0.545940 0.697143 0.113248 0.038857
0 0.519231 0.649143 0.106838 0.043429
0 0.503205 0.613143 0.100427 0.042286
0 0.491453 0.570857 0.106838 0.035429
0 0.481838 0.534286 0.091880 0.028571
0 0.485043 0.501714 0.081197 0.027429
0 0.490385 0.469143 0.074786 0.028571
0 0.498932 0.437143 0.070513 0.028571
0 0.506410 0.405143 0.076923 0.030857
0 0.513889 0.373714 0.079060 0.032000
0 0.521368 0.342286 0.072650 0.026286
0 0.529915 0.312571 0.068376 0.026286
1 0.522436 0.575429 0.284188 0.597714
