0 0.493671 0.698312 0.116456 0.067511
0 0.483544 0.641350 0.096203 0.050633
0 0.488608 0.582278 0.096203 0.059072
0 0.510127 0.531646 0.093671 0.059072
0 0.531646 0.482068 0.096203 0.065401
0 0.556962 0.437764 0.096203 0.061181
0 0.573418 0.393460 0.078481 0.040084
0 0.575949 0.353376 0.068354 0.031646
0 0.565823 0.317511 0.068354 0.044304
0 0.549367 0.284810 0.060759 0.046414
0 0.534177 0.248945 0.060759 0.042194
0 0.525316 0.212025 0.058228 0.040084
0 0.516456 0.177215 0.055696 0.033755
1 0.527848 0.459916 0.230380 0.683544
