0 0.434706 0.830748 0.092901 0.045134
0 0.438650 0.779972 0.081507 0.040903
0 0.448729 0.736601 0.073620 0.034556
0 0.450920 0.692877 0.076249 0.034556
0 0.446100 0.649154 0.077125 0.034556
0 0.442594 0.604372 0.066608 0.040903
0 0.444785 0.549718 0.067485 0.037377
0 0.439089 0.511283 0.057844 0.025388
0 0.443032 0.473202 0.060473 0.028209
0 0.441718 0.445698 0.057844 0.023977
0 0.445223 0.417137 0.054338 0.026093
0 0.446538 0.386460 0.051709 0.023977
0 0.449167 0.355430 0.051709 0.025388
2 0.436021 0.593441 0.127082 0.552186
