0 0.565294 0.830748 0.092901 0.045134
0 0.561350 0.779972 0.081507 0.040903
0 0.551271 0.736601 0.073620 0.034556
0 0.549080 0.692877 0.076249 0.034556
0 0.553900 0.649154 0.077125 0.034556
0 0.557406 0.604372 0.066608 0.040903
0 0.555215 0.549718 0.067485 0.037377
0 0.560911 0.511283 0.057844 0.025388
0 0.556968 0.473202 0.060473 0.028209
0 0.558282 0.445698 0.057844 0.023977
0 0.554777 0.417137 0.054338 0.026093
0 0.553462 0.386460 0.051709 0.023977
0 0.550833 0.355430 0.051709 0.025388
2 0.563979 0.593441 0.127082 0.552186
