0 0.330400 0.724335 0.107200 0.069708
0 0.321600 0.653992 0.108800 0.065906
0 0.314400 0.586185 0.104000 0.062104
0 0.307200 0.520279 0.099200 0.049430
0 0.320000 0.461343 0.099200 0.055767
0 0.331200 0.406210 0.096000 0.057034
0 0.349600 0.354880 0.088000 0.058302
0 0.368000 0.311787 0.086400 0.053232
0 0.384800 0.267427 0.081600 0.050697
0 0.402400 0.224335 0.072000 0.045627
0 0.410400 0.181876 0.072000 0.036755
0 0.413600 0.139417 0.065600 0.035488
0 0.408800 0.097592 0.068800 0.040558
1 0.343200 0.399240 0.238400 0.757921
