0 0.525952 0.789238 0.124567 0.062780
0 0.544983 0.727578 0.121107 0.065022
0 0.555363 0.662556 0.107266 0.056054
0 0.544983 0.604260 0.114187 0.056054
0 0.520761 0.549327 0.114187 0.062780
0 0.493080 0.505605 0.114187 0.060538
0 0.472318 0.464126 0.100346 0.049327
0 0.463668 0.420404 0.076125 0.042601
0 0.477509 0.372197 0.062284 0.040359
0 0.489619 0.334081 0.065744 0.035874
0 0.500000 0.299327 0.079585 0.047085
0 0.522491 0.262332 0.076125 0.044843
0 0.541522 0.225336 0.072664 0.042601
0 0.553633 0.190583 0.076125 0.035874
1 0.503460 0.507848 0.307958 0.746637
