0 0.595935 0.944325 0.167480 0.089936
0 0.638211 0.868308 0.157724 0.079229
0 0.659350 0.791756 0.131707 0.063169
0 0.662602 0.720557 0.125203 0.064240
0 0.636585 0.660064 0.121951 0.067452
0 0.603252 0.606531 0.117073 0.063169
0 0.574797 0.557281 0.099187 0.054604
0 0.553659 0.508565 0.108943 0.047109
0 0.550407 0.457709 0.095935 0.041756
0 0.549593 0.407388 0.094309 0.046039
0 0.564228 0.359208 0.087805 0.041756
0 0.572358 0.310493 0.091057 0.042827
0 0.578049 0.262313 0.092683 0.042827
1 0.607317 0.613490 0.287805 0.773019
