0 0.459220 0.881168 0.184397 0.053454
0 0.431738 0.827303 0.168440 0.044408
0 0.429078 0.772615 0.156028 0.048520
0 0.456560 0.725329 0.161348 0.052632
0 0.483156 0.681743 0.161348 0.057566
0 0.515957 0.636924 0.152482 0.053454
0 0.551418 0.598273 0.145390 0.048520
0 0.564716 0.557155 0.111702 0.033717
0 0.559397 0.519737 0.115248 0.031250
0 0.539894 0.486431 0.118794 0.038651
0 0.517730 0.456003 0.117021 0.040296
0 0.489362 0.423109 0.113475 0.040296
0 0.468972 0.388569 0.108156 0.038651
0 0.455674 0.355263 0.102837 0.032895
0 0.455674 0.320312 0.109929 0.025493
0 0.454787 0.289885 0.111702 0.023849
1 0.490248 0.590461 0.342199 0.674342
