0 0.498896 0.663121 0.110375 0.049645
0 0.527594 0.625296 0.097130 0.037825
0 0.533113 0.584515 0.086093 0.031915
0 0.518764 0.549054 0.092715 0.036643
0 0.491170 0.517139 0.094923 0.036643
0 0.476821 0.485225 0.092715 0.031915
0 0.465784 0.455083 0.079470 0.026005
0 0.470199 0.427305 0.079470 0.020095
0 0.474614 0.401300 0.070640 0.022459
0 0.483444 0.375887 0.070640 0.028369
0 0.491170 0.350473 0.072848 0.024823
0 0.502208 0.325059 0.064018 0.023641
0 0.504415 0.299645 0.055188 0.020095
1 0.487859 0.494090 0.220751 0.425532
