0 0.545082 0.561448 0.086521 0.029577
0 0.553734 0.473483 0.072860 0.030087
0 0.553279 0.531107 0.075592 0.030087
0 0.557377 0.502805 0.061931 0.023457
0 0.528689 0.595869 0.084699 0.033146
0 0.506831 0.630291 0.077413 0.031617
0 0.489071 0.661907 0.063752 0.027537
0 0.479964 0.694034 0.056466 0.025497
0 0.474499 0.727945 0.069217 0.033146
0 0.542350 0.445946 0.066485 0.028047
0 0.535519 0.418154 0.058288 0.027537
0 0.522769 0.393677 0.054645 0.026517
0 0.515938 0.367160 0.053734 0.024477
1 0.525046 0.553799 0.234062 0.412035
