0 0.502052 0.694511 0.084815 0.035004
0 0.515048 0.658313 0.086183 0.035800
0 0.534884 0.618934 0.090287 0.042959
0 0.548564 0.585123 0.076607 0.032617
0 0.566347 0.553302 0.079343 0.034208
0 0.580027 0.523071 0.071135 0.031026
0 0.585499 0.493238 0.062927 0.025457
0 0.579343 0.422434 0.058824 0.027049
0 0.585499 0.449483 0.057456 0.028640
0 0.589603 0.470963 0.049248 0.011138
0 0.564979 0.397772 0.054720 0.025457
0 0.554036 0.374702 0.046512 0.023866
0 0.543776 0.350835 0.047880 0.023866
0 0.535568 0.328162 0.042408 0.023071
1 0.574555 0.521480 0.287278 0.457438
