0 0.444892 0.793919 0.104839 0.054054
0 0.416667 0.747466 0.096774 0.055743
0 0.401882 0.702703 0.099462 0.050676
0 0.385753 0.655405 0.077957 0.037162
0 0.388441 0.612331 0.083333 0.038851
0 0.391129 0.570946 0.083333 0.037162
0 0.403226 0.534628 0.075269 0.035473
0 0.408602 0.501689 0.064516 0.033784
0 0.411290 0.467905 0.059140 0.030405
0 0.411290 0.434122 0.064516 0.027027
0 0.411290 0.402027 0.059140 0.027027
0 0.412634 0.370777 0.056452 0.025338
0 0.412634 0.342061 0.056452 0.025338
0 0.412634 0.313345 0.056452 0.021959
1 0.420699 0.553209 0.293011 0.619932
