0 0.573009 0.773296 0.110619 0.044506
0 0.579646 0.725313 0.101770 0.040334
0 0.574115 0.682893 0.090708 0.038943
0 0.560841 0.642559 0.090708 0.041725
0 0.546460 0.603616 0.092920 0.041725
0 0.530973 0.563282 0.088496 0.038943
0 0.518805 0.526426 0.081858 0.034771
0 0.513274 0.493741 0.075221 0.027816
0 0.509956 0.461057 0.068584 0.026426
0 0.511062 0.430459 0.066372 0.026426
0 0.511062 0.397775 0.057522 0.025035
0 0.512168 0.367177 0.055310 0.025035
0 0.512168 0.335883 0.055310 0.023644
0 0.514381 0.307371 0.050885 0.022253
1 0.536504 0.542420 0.223451 0.536857
