0 0.426991 0.773296 0.110619 0.044506
0 0.420354 0.725313 0.101770 0.040334
0 0.425885 0.682893 0.090708 0.038943
0 0.439159 0.642559 0.090708 0.041725
0 0.453540 0.603616 0.092920 0.041725
0 0.469027 0.563282 0.088496 0.038943
0 0.481195 0.526426 0.081858 0.034771
0 0.486726 0.493741 0.075221 0.027816
0 0.490044 0.461057 0.068584 0.026426
0 0.488938 0.430459 0.066372 0.026426
0 0.488938 0.397775 0.057522 0.025035
0 0.487832 0.367177 0.055310 0.025035
0 0.487832 0.335883 0.055310 0.023644
0 0.485619 0.307371 0.050885 0.022253
1 0.463496 0.542420 0.223451 0.536857
