0 0.462481 0.688525 0.094946 0.037964
0 0.460184 0.640638 0.090352 0.028473
0 0.461715 0.606989 0.090352 0.028473
0 0.458652 0.574633 0.081164 0.025884
0 0.459418 0.543572 0.073507 0.025884
0 0.464778 0.507765 0.078101 0.031924
0 0.466309 0.473684 0.075038 0.025884
0 0.471669 0.443054 0.073507 0.025022
0 0.472435 0.417601 0.071975 0.020708
0 0.476263 0.391286 0.067381 0.023296
0 0.476263 0.364107 0.064319 0.020708
0 0.480858 0.339948 0.055130 0.018982
0 0.481623 0.314064 0.059724 0.024159
0 0.477029 0.286885 0.047473 0.019845
0 0.473201 0.264452 0.052067 0.019845
2 0.453292 0.484901 0.211332 0.507334
