0 0.510185 0.748891 0.101852 0.052106
0 0.494444 0.700665 0.103704 0.053215
0 0.485185 0.650776 0.085185 0.042129
0 0.477778 0.605322 0.081481 0.037694
0 0.487963 0.563747 0.083333 0.038803
0 0.497222 0.524390 0.072222 0.035477
0 0.498148 0.480044 0.062963 0.035477
0 0.501852 0.441242 0.059259 0.026608
0 0.500926 0.408537 0.057407 0.027716
0 0.500926 0.374723 0.053704 0.026608
0 0.501852 0.342018 0.055556 0.027716
0 0.500000 0.310421 0.055556 0.026608
0 0.498148 0.281596 0.051852 0.024390
1 0.498148 0.518847 0.181481 0.543237
