0 0.537519 0.688525 0.094946 0.037964
0 0.539816 0.640638 0.090352 0.028473
0 0.538285 0.606989 0.090352 0.028473
0 0.541348 0.574633 0.081164 0.025884
0 0.540582 0.543572 0.073507 0.025884
0 0.535222 0.507765 0.078101 0.031924
0 0.533691 0.473684 0.075038 0.025884
0 0.528331 0.443054 0.073507 0.025022
0 0.527565 0.417601 0.071975 0.020708
0 0.523737 0.391286 0.067381 0.023296
0 0.523737 0.364107 0.064319 0.020708
0 0.519142 0.339948 0.055130 0.018982
0 0.518377 0.314064 0.059724 0.024159
0 0.522971 0.286885 0.047473 0.019845
0 0.526799 0.264452 0.052067 0.019845
2 0.546708 0.484901 0.211332 0.507334
