0 0.454918 0.561448 0.086521 0.029577
0 0.446266 0.473483 0.072860 0.030087
0 0.446721 0.531107 0.075592 0.030087
0 0.442623 0.502805 0.061931 0.023457
0 0.471311 0.595869 0.084699 0.033146
0 0.493169 0.630291 0.077413 0.031617
0 0.510929 0.661907 0.063752 0.027537
0 0.520036 0.694034 0.056466 0.025497
0 0.525501 0.727945 0.069217 0.033146
0 0.457650 0.445946 0.066485 0.028047
0 0.464481 0.418154 0.058288 0.027537
0 0.477231 0.393677 0.054645 0.026517
0 0.484062 0.367160 0.053734 0.024477
1 0.474954 0.553799 0.234062 0.412035
