0 0.503968 0.855580 0.085034 0.040846
0 0.483560 0.815463 0.078231 0.040846
0 0.467120 0.775346 0.070295 0.035011
0 0.467687 0.735230 0.071429 0.032093
0 0.471088 0.695478 0.062358 0.031364
0 0.476757 0.659373 0.057823 0.029176
0 0.474490 0.626185 0.048753 0.026988
0 0.475624 0.595551 0.051020 0.025529
0 0.480159 0.565281 0.051020 0.026258
0 0.488095 0.534282 0.055556 0.026988
0 0.493197 0.505470 0.052154 0.029176
0 0.499433 0.477024 0.053288 0.026258
0 0.502834 0.448578 0.051020 0.024799
1 0.485261 0.659373 0.199546 0.469730
