0 0.466265 0.876812 0.118072 0.048748
0 0.489157 0.828063 0.110843 0.048748
0 0.507229 0.778656 0.113253 0.047431
0 0.513253 0.728590 0.101205 0.036891
0 0.510843 0.684453 0.101205 0.038208
0 0.496386 0.641634 0.096386 0.034256
0 0.489157 0.599473 0.081928 0.034256
0 0.483133 0.561924 0.074699 0.030303
0 0.486747 0.527668 0.072289 0.027668
0 0.485542 0.494071 0.069880 0.028986
0 0.489157 0.457839 0.072289 0.030303
0 0.491566 0.422266 0.057831 0.027668
0 0.495181 0.389328 0.065060 0.027668
0 0.501205 0.355731 0.057831 0.028986
0 0.503614 0.321476 0.057831 0.026350
1 0.502410 0.602108 0.383133 0.640316
