0 0.496032 0.855580 0.085034 0.040846
0 0.516440 0.815463 0.078231 0.040846
0 0.532880 0.775346 0.070295 0.035011
0 0.532313 0.735230 0.071429 0.032093
0 0.528912 0.695478 0.062358 0.031364
0 0.523243 0.659373 0.057823 0.029176
0 0.525510 0.626185 0.048753 0.026988
0 0.524376 0.595551 0.051020 0.025529
0 0.519841 0.565281 0.051020 0.026258
0 0.511905 0.534282 0.055556 0.026988
0 0.506803 0.505470 0.052154 0.029176
0 0.500567 0.477024 0.053288 0.026258
0 0.497166 0.448578 0.051020 0.024799
1 0.514739 0.659373 0.199546 0.469730
