0 0.435451 0.715130 0.120902 0.056738
0 0.404713 0.671395 0.120902 0.061466
0 0.379098 0.627069 0.110656 0.050827
0 0.367828 0.582742 0.092213 0.037825
0 0.391393 0.537234 0.098361 0.046099
0 0.422131 0.505319 0.086066 0.036643
0 0.459016 0.487589 0.065574 0.027187
0 0.489754 0.466903 0.077869 0.035461
0 0.498975 0.436761 0.071721 0.029551
0 0.488730 0.401891 0.075820 0.035461
0 0.463115 0.372931 0.069672 0.036643
0 0.434426 0.346336 0.073770 0.040189
0 0.404713 0.320331 0.071721 0.037825
0 0.389344 0.291962 0.061475 0.030733
1 0.422131 0.514775 0.303279 0.490544
