0 0.500000 0.922013 0.140449 0.096239
0 0.535815 0.837389 0.130618 0.088496
0 0.560393 0.761062 0.132022 0.084071
0 0.566713 0.681969 0.108146 0.074115
0 0.558989 0.611726 0.112360 0.059735
0 0.543539 0.554204 0.098315 0.055310
0 0.525281 0.492810 0.092697 0.056416
0 0.514747 0.433075 0.085674 0.049779
0 0.508427 0.379978 0.081461 0.047566
0 0.505618 0.326881 0.075843 0.047566
0 0.500702 0.277102 0.077247 0.047566
0 0.493680 0.224004 0.074438 0.043142
0 0.492275 0.173673 0.068820 0.042035
1 0.507725 0.543142 0.330056 0.887168
