0 0.462500 0.871026 0.207143 0.052746
0 0.435714 0.822616 0.189286 0.045520
0 0.415179 0.781431 0.162500 0.039740
0 0.400000 0.742052 0.153571 0.036127
0 0.407143 0.702312 0.157143 0.033237
0 0.416964 0.663295 0.151786 0.027457
0 0.422321 0.628974 0.137500 0.032514
0 0.425000 0.593931 0.125000 0.033237
0 0.425000 0.563223 0.117857 0.022399
0 0.423214 0.534321 0.121429 0.031069
0 0.422321 0.502529 0.112500 0.029624
0 0.417857 0.472543 0.103571 0.030347
0 0.406250 0.442558 0.101786 0.031069
0 0.395536 0.418714 0.098214 0.026734
0 0.387500 0.388006 0.096429 0.030347
0 0.388393 0.351879 0.116071 0.031792
0 0.387500 0.315751 0.117857 0.028902
1 0.441964 0.596098 0.294643 0.621387
