0 0.575829 0.116558 0.222749 0.021786
0 0.580569 0.145969 0.184834 0.015251
0 0.575829 0.172113 0.184834 0.021786
0 0.571090 0.198802 0.165877 0.022876
0 0.582938 0.235294 0.180095 0.028322
0 0.585308 0.270697 0.194313 0.031590
0 0.578199 0.307734 0.170616 0.025054
0 0.585308 0.340414 0.184834 0.025054
0 0.585308 0.374183 0.175355 0.022876
0 0.585308 0.406863 0.203791 0.027233
0 0.587678 0.442266 0.199052 0.028322
0 0.604265 0.479303 0.241706 0.037037
0 0.625592 0.524510 0.218009 0.033769
0 0.637441 0.571351 0.241706 0.046841
0 0.632701 0.623638 0.232227 0.040305
0 0.637441 0.677015 0.260664 0.044662
0 0.630332 0.738562 0.341232 0.047930
0 0.632701 0.798475 0.298578 0.043573
2 0.592417 0.462418 0.616114 0.757081
