0 0.381517 0.798475 0.345972 0.047930
0 0.360190 0.734205 0.312796 0.047930
0 0.350711 0.676471 0.284360 0.045752
0 0.348341 0.624183 0.279621 0.045752
0 0.362559 0.572985 0.251185 0.041394
0 0.372038 0.523965 0.232227 0.039216
0 0.400474 0.480937 0.222749 0.033769
0 0.405213 0.443900 0.213270 0.035948
0 0.407583 0.406318 0.208531 0.030501
0 0.405213 0.369826 0.184834 0.029412
0 0.419431 0.336601 0.175355 0.032680
0 0.421801 0.302832 0.161137 0.030501
0 0.417062 0.269063 0.161137 0.030501
0 0.417062 0.234205 0.180095 0.030501
0 0.426540 0.200436 0.180095 0.021786
0 0.426540 0.168845 0.180095 0.026144
0 0.414692 0.142157 0.165877 0.018519
0 0.421801 0.111111 0.161137 0.019608
0 0.409953 0.086057 0.175355 0.021786
2 0.376777 0.445534 0.393365 0.773420
