0 0.618483 0.798475 0.345972 0.047930
0 0.642180 0.734205 0.317536 0.047930
0 0.649289 0.676471 0.284360 0.045752
0 0.651659 0.624183 0.279621 0.045752
0 0.639810 0.572985 0.246445 0.041394
0 0.627962 0.523965 0.232227 0.039216
0 0.599526 0.480937 0.222749 0.033769
0 0.597156 0.443900 0.208531 0.035948
0 0.592417 0.406318 0.208531 0.030501
0 0.594787 0.369826 0.184834 0.029412
0 0.580569 0.336601 0.175355 0.032680
0 0.578199 0.302832 0.161137 0.030501
0 0.582938 0.269063 0.161137 0.030501
0 0.582938 0.234205 0.180095 0.030501
0 0.573460 0.200436 0.180095 0.021786
0 0.573460 0.168845 0.180095 0.026144
0 0.585308 0.142157 0.165877 0.018519
0 0.578199 0.111111 0.161137 0.019608
0 0.592417 0.086057 0.180095 0.021786
2 0.623223 0.445534 0.393365 0.773420
