0 0.530488 0.826726 0.414634 0.057545
0 0.557927 0.759591 0.359756 0.058824
0 0.542683 0.699488 0.341463 0.043478
0 0.524390 0.642583 0.304878 0.047315
0 0.490854 0.588875 0.298780 0.044757
0 0.490854 0.539003 0.335366 0.039642
0 0.475610 0.485934 0.304878 0.048593
0 0.481707 0.431586 0.268293 0.042199
0 0.475610 0.384271 0.219512 0.031969
0 0.463415 0.342072 0.219512 0.037084
0 0.451220 0.299233 0.231707 0.028133
0 0.439024 0.258312 0.207317 0.030691
0 0.439024 0.214834 0.195122 0.030691
0 0.423780 0.175831 0.176829 0.029412
0 0.432927 0.141944 0.195122 0.028133
0 0.411585 0.105499 0.176829 0.021739
0 0.390244 0.072890 0.195122 0.025575
2 0.506098 0.455243 0.585366 0.818414
