0 0.454268 0.824169 0.347561 0.060102
0 0.442073 0.758951 0.371951 0.044757
0 0.457317 0.698849 0.378049 0.039642
0 0.460366 0.648338 0.347561 0.040921
0 0.606707 0.069693 0.262195 0.026854
0 0.594512 0.106777 0.237805 0.026854
0 0.576220 0.140026 0.225610 0.029412
0 0.570122 0.173913 0.201220 0.028133
0 0.554878 0.212276 0.195122 0.030691
0 0.542683 0.253836 0.158537 0.039642
0 0.548780 0.297315 0.231707 0.034527
0 0.524390 0.340153 0.243902 0.035806
0 0.512195 0.382353 0.280488 0.030691
0 0.518293 0.593350 0.365854 0.046036
0 0.527439 0.540281 0.298780 0.042199
0 0.524390 0.486573 0.280488 0.044757
2 0.460366 0.463555 0.506098 0.822251
0 0.512195 0.430946 0.268293 0.040921
