0 0.331897 0.909038 0.327586 0.043427
0 0.331897 0.862676 0.310345 0.039906
0 0.351293 0.811620 0.271552 0.045775
0 0.390086 0.756455 0.254310 0.052817
0 0.418103 0.698944 0.241379 0.045775
0 0.424569 0.644953 0.219828 0.045775
0 0.435345 0.595070 0.215517 0.032864
0 0.441810 0.547535 0.211207 0.031690
0 0.441810 0.502934 0.211207 0.034038
0 0.443966 0.463028 0.198276 0.029343
0 0.454741 0.425469 0.193966 0.031690
0 0.456897 0.389671 0.181034 0.028169
0 0.463362 0.352700 0.176724 0.034038
0 0.484914 0.314554 0.159483 0.030516
0 0.495690 0.276408 0.137931 0.024648
0 0.508621 0.240023 0.137931 0.022300
0 0.506466 0.208333 0.142241 0.026995
0 0.517241 0.178991 0.181034 0.022300
0 0.502155 0.153169 0.168103 0.019953
0 0.478448 0.128521 0.172414 0.015258
0 0.471983 0.105047 0.159483 0.015258
0 0.461207 0.079225 0.163793 0.019953
2 0.381466 0.498239 0.512931 0.876761
