0 0.668103 0.909038 0.327586 0.043427
0 0.670259 0.862676 0.306034 0.039906
0 0.648707 0.811620 0.271552 0.045775
0 0.609914 0.756455 0.254310 0.052817
0 0.581897 0.698944 0.241379 0.045775
0 0.575431 0.644953 0.219828 0.045775
0 0.564655 0.595070 0.215517 0.032864
0 0.560345 0.547535 0.215517 0.031690
0 0.558190 0.502934 0.211207 0.034038
0 0.556034 0.463028 0.198276 0.029343
0 0.547414 0.425469 0.189655 0.031690
0 0.543103 0.389671 0.181034 0.028169
0 0.536638 0.352700 0.176724 0.034038
0 0.515086 0.314554 0.159483 0.030516
0 0.504310 0.276408 0.137931 0.024648
0 0.491379 0.240023 0.137931 0.022300
0 0.493534 0.208333 0.142241 0.026995
0 0.482759 0.178991 0.181034 0.022300
0 0.497845 0.153169 0.168103 0.019953
0 0.521552 0.128521 0.172414 0.015258
0 0.530172 0.105047 0.155172 0.015258
0 0.538793 0.079225 0.163793 0.019953
2 0.618534 0.498239 0.512931 0.876761
