0 0.663793 0.860329 0.318966 0.037559
0 0.653017 0.809859 0.288793 0.044601
0 0.625000 0.752934 0.250000 0.045775
0 0.586207 0.701878 0.224138 0.044601
0 0.584052 0.645540 0.245690 0.044601
0 0.566810 0.595070 0.237069 0.037559
0 0.545259 0.547535 0.228448 0.034038
0 0.543103 0.503521 0.215517 0.035211
0 0.545259 0.464202 0.202586 0.031690
0 0.538793 0.426643 0.181034 0.034038
0 0.532328 0.388498 0.185345 0.028169
0 0.534483 0.353873 0.172414 0.024648
0 0.506466 0.316901 0.150862 0.028169
0 0.508621 0.274648 0.146552 0.028169
0 0.508621 0.238850 0.172414 0.029343
0 0.512931 0.208333 0.172414 0.022300
0 0.515086 0.177817 0.185345 0.024648
0 0.521552 0.149648 0.172414 0.022300
0 0.538793 0.124413 0.181034 0.018779
0 0.538793 0.099178 0.163793 0.022300
0 0.549569 0.072770 0.168103 0.018779
2 0.646552 0.469484 0.482759 0.826291
