0 0.509434 0.116667 0.188679 0.022917
0 0.502358 0.146354 0.174528 0.026042
0 0.500000 0.179167 0.150943 0.025000
0 0.504717 0.208333 0.150943 0.025000
0 0.495283 0.243750 0.150943 0.029167
0 0.495283 0.281250 0.160377 0.031250
0 0.495283 0.317708 0.188679 0.027083
0 0.507075 0.356771 0.193396 0.030208
0 0.514151 0.394271 0.179245 0.028125
0 0.518868 0.433854 0.207547 0.034375
0 0.511792 0.474479 0.202830 0.036458
0 0.504717 0.516667 0.226415 0.033333
0 0.509434 0.560937 0.235849 0.046875
0 0.518868 0.613021 0.264151 0.044792
0 0.533019 0.659896 0.273585 0.034375
0 0.537736 0.710417 0.283019 0.043750
0 0.528302 0.765625 0.301887 0.050000
2 0.497642 0.453646 0.646226 0.734375
