0 0.429268 0.718515 0.292683 0.054898
0 0.378049 0.777180 0.297561 0.049516
0 0.468293 0.657158 0.282927 0.048439
0 0.512195 0.603337 0.292683 0.044133
0 0.531707 0.552745 0.253659 0.039828
0 0.541463 0.498924 0.253659 0.041981
0 0.556098 0.453175 0.253659 0.034446
0 0.560976 0.409580 0.243902 0.039828
0 0.543902 0.366523 0.229268 0.033369
0 0.546341 0.325619 0.224390 0.033369
0 0.526829 0.287406 0.214634 0.032293
0 0.524390 0.252422 0.209756 0.024758
0 0.536585 0.214747 0.195122 0.031216
0 0.551220 0.178149 0.195122 0.024758
0 0.563415 0.139935 0.239024 0.021529
0 0.548780 0.109257 0.219512 0.022605
0 0.546341 0.081808 0.185366 0.021529
0 0.553659 0.054898 0.151220 0.021529
2 0.448780 0.418730 0.497561 0.781485
