0 0.583650 0.566367 0.239544 0.055118
0 0.536122 0.613048 0.273764 0.062992
0 0.486692 0.669854 0.281369 0.059618
0 0.614068 0.520247 0.224335 0.052868
0 0.644487 0.470754 0.201521 0.043870
0 0.631179 0.350956 0.190114 0.038245
0 0.610266 0.317210 0.178707 0.044994
0 0.583650 0.281777 0.155894 0.034871
0 0.562738 0.248594 0.144487 0.033746
0 0.545627 0.214848 0.133080 0.029246
0 0.638783 0.390326 0.190114 0.038245
0 0.652091 0.430259 0.193916 0.034871
0 0.433460 0.729471 0.266160 0.061867
0 0.536122 0.178853 0.152091 0.029246
0 0.538023 0.113611 0.178707 0.026997
0 0.534221 0.146232 0.155894 0.024747
0 0.551331 0.084364 0.159696 0.024747
0 0.568441 0.058493 0.163498 0.024747
1 0.522814 0.401575 0.566540 0.749156
