0 0.416350 0.566367 0.239544 0.055118
0 0.463878 0.613048 0.273764 0.062992
0 0.513308 0.669854 0.281369 0.059618
0 0.385932 0.520247 0.224335 0.052868
0 0.355513 0.470754 0.201521 0.043870
0 0.368821 0.350956 0.190114 0.038245
0 0.389734 0.317210 0.178707 0.044994
0 0.416350 0.281777 0.155894 0.034871
0 0.437262 0.248594 0.144487 0.033746
0 0.456274 0.214848 0.136882 0.029246
0 0.361217 0.390326 0.190114 0.038245
0 0.349810 0.430259 0.197719 0.034871
0 0.566540 0.729471 0.266160 0.061867
0 0.465779 0.178853 0.148289 0.029246
0 0.461977 0.113611 0.178707 0.026997
0 0.465779 0.146232 0.155894 0.024747
0 0.448669 0.084364 0.159696 0.024747
0 0.431559 0.058493 0.163498 0.024747
1 0.477186 0.401575 0.566540 0.749156
