0 0.521341 0.806931 0.310976 0.052805
0 0.521341 0.741749 0.274390 0.054455
0 0.533537 0.683993 0.262195 0.037954
0 0.530488 0.635314 0.292683 0.042904
0 0.536585 0.579208 0.304878 0.046205
0 0.536585 0.382838 0.195122 0.036304
0 0.551829 0.431518 0.213415 0.044554
0 0.548780 0.477723 0.268293 0.034653
0 0.539634 0.524752 0.262195 0.046205
0 0.530488 0.339109 0.195122 0.037954
0 0.536585 0.295380 0.195122 0.036304
0 0.551829 0.248350 0.164634 0.034653
0 0.545732 0.165842 0.213415 0.024752
0 0.551829 0.203795 0.176829 0.037954
0 0.530488 0.130363 0.231707 0.036304
0 0.527439 0.094059 0.225610 0.023102
0 0.521341 0.062706 0.225610 0.023102
2 0.527439 0.438944 0.396341 0.848185
