0 0.493902 0.810231 0.365854 0.049505
0 0.472561 0.744224 0.274390 0.033003
0 0.463415 0.685644 0.292683 0.044554
0 0.469512 0.630363 0.292683 0.039604
0 0.475610 0.579208 0.280488 0.029703
0 0.454268 0.528053 0.262195 0.033003
0 0.457317 0.473597 0.268293 0.042904
0 0.478659 0.384488 0.213415 0.036304
0 0.460366 0.428218 0.237805 0.041254
0 0.472561 0.339109 0.201220 0.031353
0 0.466463 0.295380 0.201220 0.033003
0 0.460366 0.249175 0.189024 0.039604
0 0.460366 0.207096 0.176829 0.031353
0 0.442073 0.166667 0.164634 0.029703
0 0.442073 0.128713 0.164634 0.026403
0 0.445122 0.094884 0.182927 0.024752
0 0.448171 0.062706 0.176829 0.026403
2 0.506098 0.440594 0.451220 0.818482
