0 0.506098 0.810231 0.365854 0.049505
0 0.527439 0.744224 0.274390 0.033003
0 0.536585 0.685644 0.292683 0.044554
0 0.530488 0.630363 0.292683 0.039604
0 0.524390 0.579208 0.280488 0.029703
0 0.545732 0.528053 0.262195 0.033003
0 0.542683 0.473597 0.268293 0.042904
0 0.524390 0.384488 0.219512 0.036304
0 0.542683 0.428218 0.231707 0.041254
0 0.530488 0.339109 0.207317 0.031353
0 0.536585 0.295380 0.207317 0.033003
0 0.542683 0.249175 0.182927 0.039604
0 0.542683 0.207096 0.182927 0.031353
0 0.560976 0.166667 0.170732 0.029703
0 0.557927 0.128713 0.164634 0.026403
0 0.557927 0.094884 0.189024 0.024752
0 0.551829 0.062706 0.176829 0.026403
2 0.496951 0.440594 0.445122 0.818482
