0 0.504149 0.121298 0.170124 0.023918
0 0.510373 0.144647 0.157676 0.015945
0 0.504149 0.167995 0.153527 0.019362
0 0.504149 0.195330 0.120332 0.021640
0 0.493776 0.223804 0.132780 0.023918
0 0.491701 0.252278 0.128631 0.023918
0 0.487552 0.283599 0.120332 0.025057
0 0.477178 0.317198 0.116183 0.028474
0 0.473029 0.355353 0.132780 0.031891
0 0.464730 0.393508 0.157676 0.030752
0 0.464730 0.432232 0.165975 0.035308
0 0.466805 0.476082 0.186722 0.036446
0 0.468880 0.517654 0.182573 0.033030
0 0.481328 0.561503 0.215768 0.041002
0 0.489627 0.608770 0.207469 0.044419
0 0.512448 0.658884 0.228216 0.044419
0 0.526971 0.712415 0.224066 0.044419
0 0.535270 0.760820 0.215768 0.038724
0 0.547718 0.812073 0.240664 0.043280
2 0.508299 0.472665 0.535270 0.769932
