0 0.460366 0.872112 0.371951 0.064356
0 0.472561 0.806106 0.335366 0.047855
0 0.478659 0.741749 0.310976 0.047855
0 0.460366 0.683168 0.262195 0.036304
0 0.469512 0.628713 0.256098 0.046205
0 0.466463 0.574257 0.274390 0.039604
0 0.472561 0.523927 0.225610 0.028053
0 0.466463 0.481848 0.225610 0.046205
0 0.457317 0.427393 0.207317 0.039604
0 0.475610 0.385314 0.219512 0.037954
0 0.463415 0.340759 0.207317 0.037954
0 0.463415 0.297855 0.182927 0.024752
0 0.466463 0.250000 0.176829 0.037954
0 0.460366 0.204620 0.164634 0.029703
0 0.463415 0.165842 0.146341 0.028053
0 0.460366 0.125413 0.152439 0.019802
0 0.460366 0.096535 0.140244 0.024752
0 0.463415 0.066007 0.146341 0.023102
2 0.469512 0.481023 0.451220 0.869637
