0 0.478659 0.806931 0.310976 0.052805
0 0.478659 0.741749 0.274390 0.054455
0 0.466463 0.683993 0.262195 0.037954
0 0.469512 0.635314 0.292683 0.042904
0 0.463415 0.579208 0.304878 0.046205
0 0.463415 0.382838 0.195122 0.036304
0 0.448171 0.431518 0.213415 0.044554
0 0.451220 0.477723 0.268293 0.034653
0 0.460366 0.524752 0.262195 0.046205
0 0.469512 0.339109 0.195122 0.037954
0 0.463415 0.295380 0.195122 0.036304
0 0.448171 0.248350 0.164634 0.034653
0 0.454268 0.165842 0.213415 0.024752
0 0.448171 0.203795 0.176829 0.037954
0 0.469512 0.130363 0.231707 0.036304
0 0.472561 0.094059 0.225610 0.023102
0 0.478659 0.062706 0.225610 0.023102
2 0.475610 0.438944 0.402439 0.848185
