0 0.509677 0.125459 0.219355 0.023256
0 0.500000 0.151775 0.187097 0.019584
0 0.493548 0.176255 0.187097 0.022032
0 0.509677 0.206242 0.206452 0.023256
0 0.503226 0.237454 0.180645 0.026928
0 0.500000 0.270502 0.187097 0.022032
0 0.506452 0.295594 0.174194 0.018360
0 0.496774 0.323745 0.206452 0.023256
0 0.487097 0.354345 0.225806 0.028152
0 0.470968 0.388617 0.219355 0.028152
0 0.477419 0.426561 0.270968 0.030600
0 0.474194 0.467564 0.303226 0.034272
0 0.474194 0.512852 0.329032 0.039168
0 0.464516 0.563035 0.309677 0.041616
0 0.445161 0.612607 0.348387 0.042840
0 0.438710 0.665851 0.361290 0.044064
0 0.435484 0.719094 0.380645 0.045288
0 0.454839 0.774786 0.367742 0.048960
2 0.467742 0.458384 0.651613 0.718482
