0 0.483871 0.830477 0.451613 0.047736
0 0.480645 0.770502 0.432258 0.045288
0 0.422581 0.712362 0.367742 0.041616
0 0.451613 0.664627 0.387097 0.036720
0 0.454839 0.616891 0.380645 0.041616
0 0.464516 0.559364 0.309677 0.036720
0 0.474194 0.512852 0.341935 0.034272
0 0.467742 0.466340 0.277419 0.036720
0 0.470968 0.425337 0.296774 0.028152
0 0.461290 0.389841 0.277419 0.025704
0 0.470968 0.353121 0.258065 0.025704
0 0.474194 0.322521 0.303226 0.033048
0 0.480645 0.283966 0.277419 0.031824
0 0.461290 0.242962 0.277419 0.033048
0 0.454839 0.204406 0.251613 0.024480
0 0.461290 0.177479 0.212903 0.024480
0 0.464516 0.152387 0.193548 0.013464
0 0.470968 0.126683 0.193548 0.020808
0 0.496774 0.098531 0.154839 0.015912
2 0.467742 0.474908 0.522581 0.800490
