0 0.516129 0.830477 0.451613 0.047736
0 0.519355 0.770502 0.432258 0.045288
0 0.577419 0.712362 0.367742 0.041616
0 0.548387 0.664627 0.387097 0.036720
0 0.545161 0.616891 0.380645 0.041616
0 0.535484 0.559364 0.309677 0.036720
0 0.525806 0.512852 0.341935 0.034272
0 0.532258 0.466340 0.277419 0.036720
0 0.529032 0.425337 0.296774 0.028152
0 0.538710 0.389841 0.277419 0.025704
0 0.529032 0.353121 0.258065 0.025704
0 0.525806 0.322521 0.303226 0.033048
0 0.519355 0.283966 0.277419 0.031824
0 0.538710 0.242962 0.277419 0.033048
0 0.545161 0.204406 0.251613 0.024480
0 0.538710 0.177479 0.212903 0.024480
0 0.535484 0.152387 0.193548 0.013464
0 0.529032 0.126683 0.193548 0.020808
0 0.503226 0.098531 0.154839 0.015912
2 0.532258 0.474908 0.522581 0.800490
