0 0.406051 0.634945 0.334395 0.073515
0 0.500000 0.689325 0.337580 0.075529
0 0.316879 0.582075 0.277070 0.070493
0 0.246815 0.535750 0.264331 0.062437
0 0.224522 0.484894 0.232484 0.043303
0 0.237261 0.435549 0.257962 0.049345
0 0.300955 0.396274 0.277070 0.055388
0 0.367834 0.363041 0.245223 0.053374
0 0.449045 0.328802 0.203822 0.057402
0 0.517516 0.298087 0.200637 0.052367
0 0.576433 0.262336 0.191083 0.053374
0 0.606688 0.224068 0.213376 0.045317
0 0.630573 0.187815 0.178344 0.035247
0 0.644904 0.153072 0.168790 0.032226
0 0.660828 0.117321 0.187898 0.027190
0 0.659236 0.081571 0.197452 0.026183
0 0.660828 0.051360 0.219745 0.024169
0 0.566879 0.738671 0.363057 0.083585
1 0.452229 0.417422 0.789809 0.776435
