0 0.433824 0.800114 0.279412 0.039863
0 0.436275 0.747153 0.245098 0.034169
0 0.431373 0.697608 0.235294 0.035308
0 0.428922 0.647494 0.240196 0.037585
0 0.448529 0.555239 0.220588 0.035308
0 0.450980 0.601367 0.215686 0.034169
0 0.446078 0.513667 0.205882 0.034169
0 0.458333 0.473804 0.210784 0.036446
0 0.463235 0.432232 0.210784 0.028474
0 0.475490 0.394647 0.186275 0.033030
0 0.468137 0.351367 0.191176 0.030752
0 0.458333 0.314351 0.181373 0.029613
0 0.470588 0.280182 0.186275 0.025057
0 0.473039 0.252847 0.191176 0.022779
0 0.475490 0.223804 0.215686 0.026196
0 0.463235 0.175399 0.191176 0.029613
2 0.431373 0.493166 0.421569 0.708428
