0 0.566176 0.800683 0.299020 0.045558
0 0.566176 0.854784 0.318627 0.037585
0 0.573529 0.745444 0.254902 0.039863
0 0.573529 0.697039 0.254902 0.036446
0 0.568627 0.650342 0.235294 0.041002
0 0.546569 0.600228 0.240196 0.036446
0 0.549020 0.555809 0.245098 0.034169
0 0.556373 0.514806 0.240196 0.036446
0 0.551471 0.472665 0.200980 0.031891
0 0.531863 0.433371 0.191176 0.030752
0 0.526961 0.396355 0.200980 0.031891
0 0.517157 0.358770 0.220588 0.029613
0 0.526961 0.318907 0.181373 0.029613
0 0.519608 0.284169 0.186275 0.023918
0 0.509804 0.253986 0.176471 0.020501
0 0.512255 0.225513 0.210784 0.020501
0 0.526961 0.201595 0.171569 0.011390
0 0.517157 0.178246 0.191176 0.012528
2 0.568627 0.512528 0.490196 0.756264
