0 0.606796 0.092652 0.242718 0.029819
0 0.604369 0.130458 0.218447 0.028754
0 0.594660 0.161874 0.237864 0.023429
0 0.577670 0.195421 0.223301 0.033014
0 0.570388 0.234292 0.237864 0.031949
0 0.563107 0.271033 0.252427 0.033014
0 0.553398 0.310969 0.271845 0.031949
0 0.548544 0.349840 0.242718 0.033014
0 0.543689 0.391374 0.242718 0.037274
0 0.543689 0.437167 0.233010 0.035144
0 0.533981 0.477636 0.223301 0.035144
0 0.536408 0.525559 0.286408 0.039404
0 0.526699 0.574015 0.296117 0.042599
0 0.531553 0.632055 0.344660 0.041534
0 0.526699 0.689031 0.325243 0.042599
0 0.500000 0.753461 0.378641 0.041534
2 0.538835 0.422258 0.640777 0.729499
