0 0.566176 0.800114 0.279412 0.039863
0 0.563725 0.747153 0.245098 0.034169
0 0.568627 0.697608 0.235294 0.035308
0 0.571078 0.647494 0.240196 0.037585
0 0.551471 0.555239 0.220588 0.035308
0 0.549020 0.601367 0.215686 0.034169
0 0.553922 0.513667 0.205882 0.034169
0 0.541667 0.473804 0.210784 0.036446
0 0.536765 0.432232 0.210784 0.028474
0 0.524510 0.394647 0.186275 0.033030
0 0.531863 0.351367 0.191176 0.030752
0 0.541667 0.314351 0.181373 0.029613
0 0.529412 0.280182 0.186275 0.025057
0 0.526961 0.252847 0.191176 0.022779
0 0.524510 0.223804 0.215686 0.026196
0 0.536765 0.175399 0.191176 0.029613
2 0.568627 0.493166 0.421569 0.708428
