0 0.393204 0.092652 0.242718 0.029819
0 0.395631 0.130458 0.218447 0.028754
0 0.405340 0.161874 0.237864 0.023429
0 0.422330 0.195421 0.223301 0.033014
0 0.429612 0.234292 0.237864 0.031949
0 0.436893 0.271033 0.252427 0.033014
0 0.446602 0.310969 0.271845 0.031949
0 0.451456 0.349840 0.242718 0.033014
0 0.456311 0.391374 0.242718 0.037274
0 0.456311 0.437167 0.233010 0.035144
0 0.466019 0.477636 0.223301 0.035144
0 0.463592 0.525559 0.286408 0.039404
0 0.473301 0.574015 0.296117 0.042599
0 0.468447 0.632055 0.344660 0.041534
0 0.473301 0.689031 0.325243 0.042599
0 0.500000 0.753461 0.378641 0.041534
2 0.461165 0.422258 0.640777 0.729499
