0 0.560510 0.843152 0.394904 0.045655
0 0.535032 0.781296 0.356688 0.039764
0 0.503185 0.718704 0.305732 0.047128
0 0.496815 0.660530 0.305732 0.042710
0 0.512739 0.602356 0.324841 0.038292
0 0.506369 0.555228 0.261146 0.041237
0 0.496815 0.506627 0.242038 0.038292
0 0.503185 0.460236 0.216561 0.039764
0 0.500000 0.415317 0.197452 0.035346
0 0.487261 0.373343 0.197452 0.030928
0 0.477707 0.334315 0.191083 0.032401
0 0.455414 0.290133 0.197452 0.029455
0 0.439490 0.256259 0.165605 0.023564
0 0.417197 0.212813 0.184713 0.025037
0 0.420382 0.173785 0.191083 0.026510
0 0.414013 0.142857 0.178344 0.026510
0 0.410828 0.112666 0.171975 0.022091
2 0.519108 0.475700 0.554140 0.795287
