0 0.558824 0.773065 0.336898 0.043155
0 0.585561 0.601935 0.251337 0.037202
0 0.577540 0.656994 0.278075 0.034226
0 0.556150 0.714286 0.278075 0.038690
0 0.593583 0.554315 0.245989 0.037202
0 0.636364 0.418899 0.181818 0.025298
0 0.617647 0.463542 0.219251 0.037202
0 0.604278 0.509673 0.245989 0.031250
0 0.636364 0.383185 0.181818 0.031250
0 0.644385 0.341518 0.187166 0.031250
0 0.652406 0.302083 0.171123 0.029762
0 0.655080 0.264137 0.155080 0.031250
0 0.641711 0.225446 0.139037 0.031250
0 0.636364 0.155506 0.160428 0.028274
0 0.641711 0.191964 0.149733 0.020833
0 0.633690 0.122024 0.133690 0.023810
0 0.633690 0.092262 0.122995 0.020833
0 0.542781 0.814732 0.315508 0.025298
2 0.556150 0.443452 0.513369 0.791667
