0 0.422581 0.758886 0.354839 0.043839
0 0.435484 0.819905 0.419355 0.047393
0 0.445161 0.699052 0.374194 0.042654
0 0.487097 0.648104 0.341935 0.035545
0 0.506452 0.597749 0.341935 0.031991
0 0.541935 0.553910 0.412903 0.041469
0 0.535484 0.506517 0.335484 0.034360
0 0.538710 0.466232 0.354839 0.029621
0 0.564516 0.057464 0.187097 0.015403
0 0.577419 0.082346 0.212903 0.013033
0 0.561290 0.109005 0.206452 0.016588
0 0.570968 0.136848 0.238710 0.015403
0 0.567742 0.161137 0.180645 0.016588
0 0.561290 0.194313 0.219355 0.021327
0 0.554839 0.225118 0.206452 0.023697
0 0.561290 0.256517 0.219355 0.024882
0 0.567742 0.286137 0.258065 0.027251
0 0.554839 0.322275 0.258065 0.026066
0 0.564516 0.360190 0.251613 0.035545
0 0.567742 0.392773 0.245161 0.031991
0 0.558065 0.428910 0.316129 0.030806
2 0.490323 0.447275 0.593548 0.804502
