0 0.487879 0.788462 0.345455 0.046154
0 0.478788 0.729487 0.303030 0.046154
0 0.475758 0.674359 0.284848 0.046154
0 0.463636 0.618590 0.296970 0.039744
0 0.457576 0.565385 0.296970 0.035897
0 0.451515 0.519872 0.309091 0.037179
0 0.448485 0.470513 0.290909 0.030769
0 0.448485 0.432692 0.254545 0.034615
0 0.442424 0.391667 0.242424 0.032051
0 0.436364 0.352564 0.254545 0.030769
0 0.430303 0.316667 0.242424 0.025641
0 0.421212 0.286538 0.248485 0.019231
0 0.415152 0.264103 0.236364 0.010256
0 0.439394 0.242949 0.224242 0.019231
0 0.433333 0.208974 0.224242 0.025641
0 0.436364 0.180128 0.206061 0.016667
0 0.433333 0.150641 0.200000 0.024359
0 0.436364 0.116667 0.206061 0.017949
0 0.442424 0.088462 0.181818 0.015385
2 0.472727 0.441667 0.436364 0.760256
