0 0.500000 0.782692 0.369697 0.047436
0 0.506061 0.724359 0.321212 0.043590
0 0.503030 0.666667 0.315152 0.041026
0 0.475758 0.615385 0.321212 0.038462
0 0.454545 0.569231 0.303030 0.041026
0 0.460606 0.516667 0.290909 0.038462
0 0.451515 0.473077 0.272727 0.035897
0 0.448485 0.428205 0.290909 0.030769
0 0.454545 0.389744 0.242424 0.028205
0 0.439394 0.355128 0.272727 0.033333
0 0.451515 0.314744 0.260606 0.034615
0 0.463636 0.277564 0.200000 0.021795
0 0.457576 0.243590 0.212121 0.033333
0 0.454545 0.207051 0.218182 0.029487
0 0.460606 0.175000 0.230303 0.021795
0 0.454545 0.143590 0.218182 0.025641
0 0.469697 0.114103 0.236364 0.028205
2 0.506061 0.451923 0.430303 0.719231
