0 0.512195 0.328736 0.243902 0.045977
0 0.485366 0.283333 0.229268 0.047126
0 0.646341 0.408046 0.268293 0.052874
0 0.573171 0.369540 0.239024 0.042529
0 0.768293 0.494253 0.268293 0.048276
0 0.702439 0.547126 0.351220 0.062069
0 0.609756 0.590230 0.360976 0.060920
0 0.475610 0.633908 0.414634 0.072414
0 0.370732 0.686207 0.390244 0.059770
0 0.314634 0.748276 0.326829 0.055172
0 0.726829 0.448851 0.253659 0.047126
0 0.356098 0.809770 0.380488 0.060920
0 0.409756 0.131609 0.224390 0.031034
0 0.414634 0.093103 0.204878 0.029885
0 0.414634 0.173563 0.204878 0.029885
0 0.429268 0.210345 0.214634 0.032184
0 0.458537 0.250575 0.195122 0.036782
0 0.409756 0.059770 0.165854 0.027586
0 0.378049 0.867241 0.385366 0.063218
1 0.519512 0.467241 0.912195 0.922989
