0 0.487562 0.761820 0.298507 0.041371
0 0.472637 0.706856 0.288557 0.033097
0 0.470149 0.653073 0.263682 0.036643
0 0.460199 0.604610 0.283582 0.034279
0 0.457711 0.558511 0.268657 0.034279
0 0.470149 0.516548 0.233831 0.035461
0 0.477612 0.475177 0.218905 0.028369
0 0.487562 0.436170 0.238806 0.028369
0 0.497512 0.399527 0.208955 0.026005
0 0.500000 0.363475 0.203980 0.024823
0 0.504975 0.327423 0.174129 0.026005
0 0.519900 0.293144 0.174129 0.021277
0 0.509950 0.261229 0.164179 0.026005
0 0.512438 0.226950 0.199005 0.023641
0 0.517413 0.195035 0.149254 0.023641
0 0.512438 0.163121 0.149254 0.021277
0 0.507463 0.136525 0.149254 0.017730
0 0.512438 0.117021 0.149254 0.016548
2 0.472637 0.440307 0.388060 0.700946
