0 0.487805 0.328736 0.243902 0.045977
0 0.514634 0.283333 0.229268 0.047126
0 0.353659 0.408046 0.268293 0.052874
0 0.426829 0.369540 0.239024 0.042529
0 0.231707 0.494253 0.268293 0.048276
0 0.297561 0.547126 0.351220 0.062069
0 0.390244 0.590230 0.360976 0.060920
0 0.524390 0.633908 0.414634 0.072414
0 0.629268 0.686207 0.390244 0.059770
0 0.685366 0.748276 0.326829 0.055172
0 0.273171 0.448851 0.253659 0.047126
0 0.643902 0.809770 0.380488 0.060920
0 0.590244 0.131609 0.224390 0.031034
0 0.585366 0.093103 0.204878 0.029885
0 0.585366 0.173563 0.204878 0.029885
0 0.570732 0.210345 0.214634 0.032184
0 0.541463 0.250575 0.195122 0.036782
0 0.590244 0.059770 0.165854 0.027586
0 0.621951 0.867241 0.385366 0.063218
1 0.480488 0.467241 0.912195 0.922989
