0 0.497899 0.138504 0.189076 0.024931
0 0.481092 0.167590 0.147059 0.022161
0 0.487395 0.195983 0.134454 0.023546
0 0.485294 0.227147 0.113445 0.022161
0 0.491597 0.255540 0.126050 0.020776
0 0.491597 0.284626 0.109244 0.018006
0 0.485294 0.313019 0.130252 0.019391
0 0.491597 0.344183 0.126050 0.031856
0 0.502101 0.377424 0.121849 0.023546
0 0.502101 0.411357 0.147059 0.030471
0 0.497899 0.454294 0.138655 0.030471
0 0.495798 0.495152 0.117647 0.031856
0 0.504202 0.536011 0.159664 0.036011
0 0.506303 0.589335 0.172269 0.042936
0 0.529412 0.636427 0.168067 0.037396
0 0.535714 0.687673 0.172269 0.042936
0 0.544118 0.750000 0.189076 0.048476
0 0.535714 0.808864 0.222689 0.047091
0 0.533613 0.867729 0.226891 0.045706
2 0.523109 0.511080 0.449580 0.828255
