0 0.537815 0.874654 0.252101 0.056787
0 0.537815 0.810249 0.235294 0.052632
0 0.544118 0.748615 0.214286 0.051247
0 0.535714 0.689751 0.180672 0.047091
0 0.525210 0.637812 0.168067 0.042936
0 0.512605 0.590720 0.184874 0.037396
0 0.504202 0.544321 0.168067 0.041551
0 0.497899 0.496537 0.138655 0.034626
0 0.493697 0.456371 0.147059 0.034626
0 0.495798 0.416205 0.134454 0.031856
0 0.491597 0.376731 0.126050 0.033241
0 0.493697 0.340028 0.113445 0.026316
0 0.493697 0.300554 0.121849 0.036011
0 0.481092 0.258310 0.130252 0.031856
0 0.485294 0.227839 0.147059 0.020776
0 0.483193 0.199446 0.134454 0.027701
0 0.487395 0.168975 0.134454 0.024931
2 0.542017 0.520083 0.294118 0.779778
