0 0.462185 0.874654 0.252101 0.056787
0 0.464286 0.810249 0.239496 0.052632
0 0.457983 0.748615 0.210084 0.051247
0 0.464286 0.689751 0.180672 0.047091
0 0.476891 0.637812 0.163866 0.042936
0 0.489496 0.590720 0.180672 0.037396
0 0.495798 0.544321 0.168067 0.041551
0 0.506303 0.496537 0.138655 0.034626
0 0.508403 0.456371 0.151261 0.034626
0 0.506303 0.416205 0.130252 0.031856
0 0.510504 0.376731 0.121849 0.033241
0 0.508403 0.340028 0.117647 0.026316
0 0.508403 0.300554 0.126050 0.036011
0 0.521008 0.258310 0.134454 0.031856
0 0.516807 0.227839 0.142857 0.020776
0 0.516807 0.199446 0.134454 0.027701
0 0.514706 0.168975 0.130252 0.024931
2 0.457983 0.520083 0.294118 0.779778
