0 0.513514 0.418129 0.180180 0.031579
0 0.515766 0.455556 0.184685 0.036257
0 0.533784 0.492982 0.202703 0.036257
0 0.554054 0.539181 0.252252 0.044444
0 0.563063 0.582456 0.216216 0.042105
0 0.592342 0.633918 0.229730 0.044444
0 0.599099 0.688304 0.243243 0.040936
0 0.594595 0.743275 0.261261 0.045614
0 0.576577 0.804678 0.279279 0.053801
0 0.509009 0.383626 0.180180 0.032749
0 0.493243 0.349123 0.157658 0.031579
0 0.477477 0.314035 0.162162 0.029240
0 0.500000 0.156725 0.180180 0.023392
0 0.504505 0.184211 0.171171 0.024561
0 0.506757 0.216959 0.166667 0.024561
0 0.493243 0.249123 0.157658 0.021053
0 0.479730 0.278363 0.139640 0.025731
0 0.500000 0.128070 0.162162 0.022222
0 0.490991 0.102339 0.171171 0.024561
1 0.549550 0.463743 0.423423 0.782456
