0 0.490991 0.418129 0.180180 0.031579
0 0.486486 0.455556 0.180180 0.036257
0 0.470721 0.492982 0.202703 0.036257
0 0.448198 0.539181 0.247748 0.044444
0 0.439189 0.582456 0.211712 0.042105
0 0.409910 0.633918 0.234234 0.044444
0 0.403153 0.688304 0.247748 0.040936
0 0.407658 0.743275 0.265766 0.045614
0 0.425676 0.804678 0.274775 0.053801
0 0.495495 0.383626 0.180180 0.032749
0 0.509009 0.349123 0.153153 0.031579
0 0.524775 0.314035 0.157658 0.029240
0 0.502252 0.156725 0.175676 0.023392
0 0.497748 0.184211 0.166667 0.024561
0 0.495495 0.216959 0.171171 0.024561
0 0.506757 0.249123 0.157658 0.021053
0 0.522523 0.278363 0.144144 0.025731
0 0.502252 0.128070 0.166667 0.022222
0 0.511261 0.102339 0.166667 0.024561
1 0.450450 0.463743 0.423423 0.782456
