0 0.509009 0.130994 0.135135 0.021053
0 0.504505 0.104678 0.108108 0.019883
0 0.504505 0.154971 0.126126 0.019883
0 0.502252 0.185965 0.139640 0.023392
0 0.490991 0.216959 0.162162 0.026901
0 0.495495 0.250292 0.162162 0.023392
0 0.506757 0.283626 0.148649 0.026901
0 0.484234 0.319298 0.139640 0.025731
0 0.486486 0.352632 0.135135 0.024561
0 0.497748 0.386550 0.148649 0.026901
0 0.495495 0.418713 0.162162 0.025731
0 0.500000 0.452632 0.171171 0.025731
0 0.515766 0.491813 0.166667 0.031579
0 0.540541 0.538012 0.189189 0.030409
0 0.567568 0.581871 0.180180 0.033918
0 0.587838 0.636257 0.211712 0.042105
0 0.594595 0.686550 0.252252 0.044444
0 0.596847 0.739766 0.229730 0.045614
2 0.549550 0.432164 0.558559 0.721637
