0 0.495025 0.726523 0.273632 0.041878
0 0.514925 0.673223 0.243781 0.041878
0 0.512438 0.619924 0.238806 0.036802
0 0.509950 0.581853 0.233831 0.031726
0 0.495025 0.529188 0.233831 0.050761
0 0.529851 0.083122 0.144279 0.013959
0 0.534826 0.109137 0.164179 0.020305
0 0.534826 0.133883 0.184080 0.016497
0 0.529851 0.159264 0.164179 0.016497
0 0.529851 0.187817 0.174129 0.022843
0 0.524876 0.217005 0.164179 0.025381
0 0.529851 0.252538 0.154229 0.030457
0 0.509950 0.284264 0.203980 0.022843
0 0.495025 0.322970 0.164179 0.029188
0 0.490050 0.359137 0.184080 0.027919
0 0.492537 0.394036 0.199005 0.029188
0 0.490050 0.432107 0.194030 0.029188
0 0.502488 0.475254 0.199005 0.036802
2 0.500000 0.408629 0.313433 0.692893
