0 0.507463 0.729695 0.258706 0.048223
0 0.512438 0.673858 0.268657 0.043147
0 0.504975 0.623731 0.243781 0.039340
0 0.497512 0.574873 0.228856 0.027919
0 0.502488 0.527284 0.228856 0.054569
0 0.492537 0.476523 0.238806 0.034264
0 0.492537 0.434645 0.199005 0.031726
0 0.495025 0.395305 0.164179 0.031726
0 0.497512 0.362310 0.169154 0.026650
0 0.500000 0.326142 0.174129 0.027919
0 0.517413 0.289340 0.169154 0.030457
0 0.524876 0.253173 0.154229 0.024112
0 0.524876 0.220178 0.174129 0.026650
0 0.524876 0.187183 0.184080 0.021574
0 0.527363 0.158629 0.149254 0.017766
0 0.519900 0.130711 0.174129 0.022843
0 0.527363 0.104695 0.149254 0.016497
0 0.519900 0.081218 0.144279 0.020305
2 0.482587 0.413071 0.328358 0.717005
