0 0.384409 0.745109 0.392473 0.048913
0 0.411290 0.685326 0.317204 0.044565
0 0.408602 0.629891 0.333333 0.038043
0 0.416667 0.578261 0.306452 0.043478
0 0.424731 0.526630 0.258065 0.046739
0 0.432796 0.478804 0.252688 0.038043
0 0.443548 0.436957 0.241935 0.032609
0 0.454301 0.397826 0.241935 0.032609
0 0.486559 0.359783 0.263441 0.034783
0 0.486559 0.319022 0.284946 0.038043
0 0.473118 0.278261 0.258065 0.030435
0 0.473118 0.241304 0.215054 0.026087
0 0.470430 0.209783 0.220430 0.028261
0 0.462366 0.173370 0.225806 0.025000
0 0.454301 0.145109 0.241935 0.018478
0 0.446237 0.118478 0.236559 0.028261
2 0.411290 0.433152 0.553763 0.685870
