0 0.618280 0.745109 0.387097 0.048913
0 0.588710 0.685326 0.317204 0.044565
0 0.591398 0.629891 0.333333 0.038043
0 0.583333 0.578261 0.306452 0.043478
0 0.575269 0.526630 0.258065 0.046739
0 0.567204 0.478804 0.252688 0.038043
0 0.556452 0.436957 0.241935 0.032609
0 0.545699 0.397826 0.241935 0.032609
0 0.513441 0.359783 0.263441 0.034783
0 0.513441 0.319022 0.284946 0.038043
0 0.526882 0.278261 0.258065 0.030435
0 0.526882 0.241304 0.215054 0.026087
0 0.529570 0.209783 0.220430 0.028261
0 0.537634 0.173370 0.225806 0.025000
0 0.545699 0.145109 0.241935 0.018478
0 0.553763 0.118478 0.236559 0.028261
2 0.591398 0.433152 0.548387 0.685870
