0 0.465116 0.656907 0.302326 0.037538
0 0.450581 0.599099 0.273256 0.036036
0 0.433140 0.554054 0.250000 0.030030
0 0.415698 0.509009 0.226744 0.033033
0 0.412791 0.464715 0.244186 0.031532
0 0.406977 0.421922 0.220930 0.027027
0 0.398256 0.382883 0.203488 0.021021
0 0.386628 0.352102 0.180233 0.025526
0 0.380814 0.320571 0.180233 0.028529
0 0.380814 0.283784 0.203488 0.027027
0 0.386628 0.250000 0.191860 0.025526
0 0.392442 0.217718 0.180233 0.027027
0 0.404070 0.186186 0.145349 0.024024
0 0.418605 0.154655 0.162791 0.024024
0 0.415698 0.118619 0.156977 0.027027
0 0.418605 0.088589 0.162791 0.021021
0 0.418605 0.059309 0.162791 0.022523
2 0.468023 0.370120 0.436047 0.650150
