0 0.543011 0.122283 0.225806 0.018478
0 0.556452 0.150543 0.198925 0.016304
0 0.556452 0.177174 0.198925 0.021739
0 0.534946 0.252174 0.155914 0.028261
0 0.532258 0.216304 0.172043 0.028261
0 0.543011 0.291304 0.182796 0.028261
0 0.529570 0.325000 0.209677 0.028261
0 0.526882 0.357065 0.215054 0.031522
0 0.537634 0.396739 0.247312 0.034783
0 0.543011 0.436957 0.247312 0.039130
0 0.548387 0.482065 0.258065 0.038043
0 0.561828 0.527717 0.274194 0.035870
0 0.594086 0.575000 0.274194 0.041304
0 0.602151 0.629348 0.290323 0.043478
0 0.612903 0.680435 0.311828 0.047826
0 0.620968 0.741848 0.349462 0.051087
0 0.661290 0.810326 0.333333 0.048913
2 0.604839 0.469565 0.639785 0.760870
