0 0.537791 0.654655 0.284884 0.045045
0 0.575581 0.599099 0.302326 0.033033
0 0.593023 0.554805 0.267442 0.037538
0 0.595930 0.504505 0.238372 0.033033
0 0.598837 0.465465 0.220930 0.033033
0 0.607558 0.426426 0.215116 0.039039
0 0.613372 0.385135 0.191860 0.034535
0 0.610465 0.281532 0.209302 0.028529
0 0.613372 0.318318 0.168605 0.030030
0 0.613372 0.349099 0.168605 0.022523
0 0.610465 0.246997 0.220930 0.025526
0 0.601744 0.214715 0.191860 0.030030
0 0.598837 0.178679 0.186047 0.030030
0 0.584302 0.147147 0.180233 0.027027
0 0.578488 0.118619 0.191860 0.024024
0 0.595930 0.084835 0.191860 0.028529
2 0.552326 0.367868 0.511628 0.651652
