0 0.456989 0.122283 0.225806 0.018478
0 0.443548 0.150543 0.198925 0.016304
0 0.443548 0.177174 0.198925 0.021739
0 0.465054 0.252174 0.155914 0.028261
0 0.467742 0.216304 0.172043 0.028261
0 0.456989 0.291304 0.182796 0.028261
0 0.470430 0.325000 0.209677 0.028261
0 0.473118 0.357065 0.215054 0.031522
0 0.462366 0.396739 0.247312 0.034783
0 0.456989 0.436957 0.247312 0.039130
0 0.451613 0.482065 0.258065 0.038043
0 0.438172 0.527717 0.274194 0.035870
0 0.405914 0.575000 0.274194 0.041304
0 0.397849 0.629348 0.290323 0.043478
0 0.387097 0.680435 0.311828 0.047826
0 0.379032 0.741848 0.349462 0.051087
0 0.338710 0.810326 0.333333 0.048913
2 0.395161 0.469565 0.639785 0.760870
