0 0.529703 0.813916 0.504950 0.052859
0 0.529703 0.742718 0.445545 0.046386
0 0.539604 0.666127 0.396040 0.039914
0 0.544554 0.603560 0.366337 0.048544
0 0.544554 0.536677 0.356436 0.039914
0 0.532178 0.479504 0.410891 0.042071
0 0.522277 0.427184 0.381188 0.040992
0 0.537129 0.372708 0.361386 0.035599
0 0.529703 0.325782 0.356436 0.032362
0 0.524752 0.281014 0.346535 0.033441
0 0.542079 0.241100 0.321782 0.029126
0 0.544554 0.199029 0.316832 0.026969
0 0.547030 0.153182 0.321782 0.028047
0 0.529703 0.111650 0.297030 0.026969
0 0.547030 0.069579 0.292079 0.029126
0 0.539604 0.032362 0.277228 0.030205
0 0.524752 0.428263 0.564356 0.841424
