0 0.467262 0.729441 0.315476 0.041118
0 0.452381 0.673520 0.261905 0.041118
0 0.458333 0.615954 0.226190 0.034539
0 0.479167 0.565789 0.232143 0.036184
0 0.482143 0.515625 0.238095 0.037829
0 0.488095 0.462993 0.261905 0.041118
0 0.491071 0.419408 0.196429 0.036184
0 0.491071 0.375000 0.220238 0.032895
0 0.485119 0.334704 0.208333 0.027961
0 0.470238 0.295230 0.190476 0.024671
0 0.458333 0.254934 0.214286 0.039474
0 0.455357 0.212171 0.220238 0.029605
0 0.443452 0.173520 0.196429 0.034539
0 0.428571 0.133224 0.178571 0.023026
0 0.434524 0.097039 0.214286 0.026316
0 0.431548 0.064967 0.196429 0.021382
2 0.470238 0.396382 0.357143 0.720395
