0 0.586310 0.102796 0.184524 0.027961
0 0.592262 0.139803 0.160714 0.026316
0 0.592262 0.177632 0.125000 0.029605
0 0.577381 0.216283 0.142857 0.031250
0 0.565476 0.255757 0.166667 0.027961
0 0.562500 0.295230 0.184524 0.027961
0 0.544643 0.332237 0.172619 0.029605
0 0.511905 0.374178 0.202381 0.034539
0 0.511905 0.420230 0.226190 0.037829
0 0.511905 0.465461 0.226190 0.039474
0 0.517857 0.515625 0.202381 0.037829
0 0.529762 0.563322 0.226190 0.037829
0 0.532738 0.616776 0.220238 0.039474
0 0.538690 0.670230 0.220238 0.037829
0 0.544643 0.727796 0.279762 0.034539
2 0.529762 0.412007 0.583333 0.715461
