0 0.414530 0.109871 0.145299 0.029377
0 0.423077 0.143948 0.128205 0.019976
0 0.425214 0.170388 0.141026 0.018801
0 0.433761 0.198590 0.106838 0.023502
0 0.427350 0.233255 0.119658 0.029377
0 0.435897 0.272033 0.153846 0.027027
0 0.427350 0.306698 0.162393 0.028202
0 0.431624 0.340776 0.153846 0.025852
0 0.442308 0.374853 0.149573 0.028202
0 0.440171 0.411868 0.145299 0.031727
0 0.446581 0.450646 0.158120 0.031727
0 0.446581 0.488249 0.209402 0.034078
0 0.446581 0.537603 0.209402 0.038778
0 0.452991 0.585194 0.213675 0.044653
0 0.470085 0.636310 0.247863 0.043478
0 0.482906 0.690952 0.205128 0.049354
0 0.467949 0.747356 0.226496 0.047004
0 0.465812 0.804935 0.256410 0.049354
2 0.450855 0.465335 0.500000 0.768508
