0 0.470085 0.585194 0.239316 0.037603
0 0.480769 0.638660 0.217949 0.043478
0 0.489316 0.691539 0.226496 0.038778
0 0.472222 0.746769 0.235043 0.045828
0 0.463675 0.537603 0.226496 0.041128
0 0.450855 0.490599 0.209402 0.034078
0 0.448718 0.448884 0.170940 0.030552
0 0.446581 0.411868 0.166667 0.029377
0 0.446581 0.374853 0.149573 0.032902
0 0.450855 0.339013 0.166667 0.027027
0 0.435897 0.303173 0.170940 0.030552
0 0.446581 0.266157 0.175214 0.027027
0 0.442308 0.232080 0.158120 0.029377
0 0.440171 0.197415 0.128205 0.023502
0 0.438034 0.166863 0.132479 0.023502
0 0.433761 0.134548 0.115385 0.017626
0 0.438034 0.105758 0.132479 0.018801
2 0.480769 0.431257 0.286325 0.698002
