0 0.585470 0.109871 0.145299 0.029377
0 0.576923 0.143948 0.128205 0.019976
0 0.574786 0.170388 0.141026 0.018801
0 0.566239 0.198590 0.106838 0.023502
0 0.572650 0.233255 0.119658 0.029377
0 0.564103 0.272033 0.153846 0.027027
0 0.572650 0.306698 0.162393 0.028202
0 0.568376 0.340776 0.153846 0.025852
0 0.557692 0.374853 0.149573 0.028202
0 0.559829 0.411868 0.145299 0.031727
0 0.553419 0.450646 0.158120 0.031727
0 0.553419 0.488249 0.209402 0.034078
0 0.553419 0.537603 0.209402 0.038778
0 0.547009 0.585194 0.213675 0.044653
0 0.529915 0.636310 0.247863 0.043478
0 0.517094 0.690952 0.205128 0.049354
0 0.532051 0.747356 0.226496 0.047004
0 0.534188 0.804935 0.256410 0.049354
2 0.549145 0.465335 0.500000 0.768508
