0 0.578378 0.825515 0.389189 0.049199
0 0.583784 0.890160 0.389189 0.054920
0 0.562162 0.757437 0.400000 0.045767
0 0.527027 0.695652 0.394595 0.043478
0 0.527027 0.644165 0.340541 0.045767
0 0.551351 0.590389 0.335135 0.045767
0 0.564865 0.540046 0.318919 0.043478
0 0.572973 0.492563 0.281081 0.035469
0 0.578378 0.450801 0.281081 0.034325
0 0.572973 0.407895 0.270270 0.042334
0 0.564865 0.359840 0.243243 0.028604
0 0.564865 0.318650 0.221622 0.035469
0 0.559459 0.278604 0.254054 0.028604
0 0.556757 0.241419 0.270270 0.034325
0 0.556757 0.201945 0.248649 0.026316
0 0.524324 0.169336 0.259459 0.022883
0 0.489189 0.135584 0.243243 0.028604
2 0.551351 0.515446 0.540541 0.831808
