0 0.479323 0.221485 0.184211 0.034483
0 0.488722 0.257958 0.172932 0.027851
0 0.479323 0.293103 0.176692 0.026525
0 0.479323 0.338859 0.154135 0.038462
0 0.477444 0.377984 0.150376 0.029178
0 0.466165 0.413793 0.172932 0.031830
0 0.473684 0.452918 0.187970 0.030504
0 0.477444 0.489390 0.187970 0.023873
0 0.466165 0.523210 0.195489 0.025199
0 0.460526 0.557029 0.199248 0.023873
0 0.469925 0.594164 0.233083 0.034483
0 0.481203 0.645225 0.210526 0.035809
0 0.486842 0.688329 0.206767 0.037135
0 0.479323 0.737401 0.199248 0.031830
0 0.477444 0.777851 0.225564 0.033156
2 0.488722 0.491379 0.458647 0.656499
