0 0.520677 0.221485 0.184211 0.034483
0 0.511278 0.257958 0.172932 0.027851
0 0.522556 0.293103 0.180451 0.026525
0 0.520677 0.338859 0.154135 0.038462
0 0.522556 0.377984 0.150376 0.029178
0 0.533835 0.413793 0.172932 0.031830
0 0.526316 0.452918 0.187970 0.030504
0 0.522556 0.489390 0.187970 0.023873
0 0.533835 0.523210 0.195489 0.025199
0 0.541353 0.557029 0.195489 0.023873
0 0.531955 0.594164 0.236842 0.034483
0 0.518797 0.645225 0.210526 0.035809
0 0.513158 0.688329 0.206767 0.037135
0 0.522556 0.737401 0.195489 0.031830
0 0.522556 0.777851 0.225564 0.033156
2 0.513158 0.491379 0.462406 0.656499
