0 0.461712 0.506749 0.328829 0.048369
0 0.466216 0.571991 0.328829 0.046119
0 0.466216 0.639483 0.337838 0.048369
0 0.459459 0.708661 0.324324 0.038245
0 0.461712 0.782340 0.373874 0.046119
0 0.450450 0.444319 0.306306 0.035996
0 0.443694 0.387514 0.283784 0.034871
0 0.441441 0.335208 0.261261 0.040495
0 0.443694 0.290776 0.229730 0.032621
0 0.477477 0.068616 0.198198 0.033746
0 0.495495 0.027559 0.207207 0.037120
0 0.475225 0.113048 0.193694 0.030371
0 0.459459 0.155793 0.225225 0.025872
0 0.441441 0.193476 0.207207 0.031496
0 0.441441 0.241282 0.216216 0.030371
2 0.470721 0.422385 0.436937 0.833521
