0 0.450450 0.782902 0.405405 0.065242
0 0.452703 0.705287 0.382883 0.044994
0 0.477477 0.637233 0.306306 0.052868
0 0.461712 0.571991 0.382883 0.041620
0 0.457207 0.504499 0.328829 0.048369
0 0.445946 0.444319 0.306306 0.038245
0 0.443694 0.384139 0.301802 0.037120
0 0.439189 0.337458 0.265766 0.029246
0 0.443694 0.287964 0.283784 0.031496
0 0.445946 0.241282 0.261261 0.028121
0 0.427928 0.194038 0.252252 0.028121
0 0.432432 0.152981 0.189189 0.020247
0 0.488739 0.026434 0.238739 0.041620
0 0.488739 0.069179 0.256757 0.030371
0 0.448198 0.110236 0.247748 0.022497
2 0.472973 0.434758 0.810811 0.869516
