0 0.454248 0.142630 0.320261 0.022269
0 0.477124 0.169671 0.261438 0.021209
0 0.483660 0.197773 0.248366 0.024390
0 0.457516 0.227996 0.248366 0.023330
0 0.470588 0.257688 0.248366 0.027572
0 0.493464 0.288971 0.228758 0.026511
0 0.480392 0.320785 0.228758 0.026511
0 0.480392 0.353659 0.228758 0.026511
0 0.483660 0.387063 0.261438 0.023330
0 0.464052 0.421527 0.261438 0.026511
0 0.460784 0.455461 0.320261 0.030753
0 0.480392 0.492047 0.333333 0.029692
0 0.467320 0.526511 0.359477 0.028632
0 0.467320 0.574761 0.372549 0.036055
0 0.444444 0.618770 0.392157 0.041357
0 0.460784 0.675504 0.450980 0.040297
0 0.473856 0.724284 0.437908 0.038176
2 0.457516 0.433192 0.784314 0.669141
