0 0.457516 0.618240 0.405229 0.042418
0 0.464052 0.675504 0.392157 0.042418
0 0.441176 0.489396 0.333333 0.034995
0 0.460784 0.530223 0.346405 0.036055
0 0.447712 0.569989 0.346405 0.030753
0 0.447712 0.453871 0.333333 0.027572
0 0.447712 0.418876 0.359477 0.036055
0 0.470588 0.385472 0.339869 0.028632
0 0.480392 0.352598 0.333333 0.026511
0 0.480392 0.322375 0.294118 0.025451
0 0.486928 0.292153 0.241830 0.028632
0 0.477124 0.259809 0.222222 0.025451
0 0.480392 0.226935 0.228758 0.029692
0 0.473856 0.168611 0.267974 0.023330
0 0.480392 0.198834 0.228758 0.024390
0 0.470588 0.141039 0.274510 0.025451
0 0.473856 0.112407 0.267974 0.021209
0 0.447712 0.066808 0.228758 0.016967
0 0.467320 0.090138 0.254902 0.014846
0 0.483660 0.724284 0.405229 0.040297
0 0.486928 0.772004 0.424837 0.042418
2 0.473856 0.415695 0.568627 0.782609
