0 0.545752 0.142630 0.320261 0.022269
0 0.529412 0.169671 0.261438 0.021209
0 0.519608 0.197773 0.241830 0.024390
0 0.542484 0.227996 0.248366 0.023330
0 0.529412 0.257688 0.248366 0.027572
0 0.513072 0.288971 0.228758 0.026511
0 0.519608 0.320785 0.228758 0.026511
0 0.519608 0.353659 0.228758 0.026511
0 0.516340 0.387063 0.261438 0.023330
0 0.535948 0.421527 0.261438 0.026511
0 0.539216 0.455461 0.320261 0.030753
0 0.519608 0.492047 0.333333 0.029692
0 0.532680 0.526511 0.359477 0.028632
0 0.535948 0.574761 0.379085 0.036055
0 0.562092 0.618770 0.392157 0.041357
0 0.539216 0.675504 0.450980 0.040297
0 0.526144 0.724284 0.437908 0.038176
2 0.542484 0.433192 0.784314 0.669141
