0 0.536866 0.814939 0.327189 0.044415
0 0.569124 0.758412 0.281106 0.041723
0 0.571429 0.697847 0.276498 0.036339
0 0.562212 0.643338 0.258065 0.043069
0 0.552995 0.593540 0.267281 0.037685
0 0.539171 0.545087 0.230415 0.037685
0 0.523041 0.500000 0.216590 0.036339
0 0.513825 0.458950 0.188940 0.032301
0 0.506912 0.420592 0.184332 0.030956
0 0.504608 0.379542 0.179724 0.029610
0 0.506912 0.343203 0.165899 0.026918
0 0.518433 0.300808 0.179724 0.033647
0 0.504608 0.263122 0.152074 0.033647
0 0.483871 0.230821 0.175115 0.025572
0 0.483871 0.199192 0.138249 0.024226
0 0.474654 0.170256 0.119816 0.022880
0 0.479263 0.140646 0.129032 0.020188
0 0.476959 0.113055 0.124424 0.018843
0 0.476959 0.089502 0.133641 0.017497
2 0.536866 0.451548 0.373272 0.795424
