0 0.583333 0.804410 0.285714 0.044097
0 0.598214 0.746088 0.255952 0.044097
0 0.598214 0.688478 0.279762 0.042674
0 0.583333 0.637980 0.273810 0.035562
0 0.562500 0.583215 0.255952 0.034139
0 0.559524 0.537696 0.250000 0.042674
0 0.562500 0.485775 0.244048 0.035562
0 0.541667 0.444523 0.238095 0.032717
0 0.538690 0.403983 0.232143 0.028450
0 0.538690 0.366287 0.172619 0.032717
0 0.520833 0.327881 0.172619 0.032717
0 0.520833 0.290185 0.172619 0.028450
0 0.514881 0.255334 0.160714 0.032717
0 0.505952 0.219772 0.166667 0.027027
0 0.505952 0.183499 0.166667 0.028450
0 0.517857 0.145804 0.178571 0.027027
0 0.517857 0.115220 0.154762 0.022760
2 0.571429 0.459459 0.392857 0.745377
