0 0.511905 0.115220 0.190476 0.028450
0 0.500000 0.154339 0.154762 0.024182
0 0.505952 0.187055 0.142857 0.024182
0 0.508929 0.221195 0.160714 0.024182
0 0.514881 0.255334 0.160714 0.027027
0 0.511905 0.291607 0.178571 0.031294
0 0.517857 0.330014 0.190476 0.028450
0 0.532738 0.368421 0.160714 0.028450
0 0.550595 0.403272 0.172619 0.029872
0 0.553571 0.447368 0.190476 0.032717
0 0.553571 0.485064 0.238095 0.034139
0 0.544643 0.536273 0.220238 0.036984
0 0.562500 0.587482 0.255952 0.039829
0 0.589286 0.638691 0.238095 0.034139
0 0.589286 0.690612 0.273810 0.035562
0 0.601190 0.748222 0.273810 0.036984
0 0.601190 0.803698 0.273810 0.039829
2 0.520833 0.465149 0.613095 0.805121
