0 0.441558 0.779478 0.320346 0.044218
0 0.443723 0.839002 0.350649 0.056689
0 0.448052 0.718254 0.324675 0.037415
0 0.452381 0.663265 0.298701 0.038549
0 0.458874 0.608844 0.268398 0.031746
0 0.495671 0.510204 0.229437 0.027211
0 0.476190 0.556689 0.268398 0.031746
0 0.497835 0.470522 0.225108 0.031746
0 0.508658 0.426304 0.220779 0.027211
0 0.528139 0.388889 0.199134 0.031746
0 0.536797 0.348639 0.199134 0.032880
0 0.538961 0.311791 0.177489 0.031746
0 0.554113 0.274943 0.181818 0.030612
0 0.551948 0.175737 0.186147 0.029478
0 0.551948 0.209184 0.177489 0.023810
0 0.554113 0.241497 0.173160 0.027211
0 0.536797 0.142290 0.207792 0.028345
0 0.543290 0.113946 0.151515 0.019274
2 0.445887 0.513605 0.484848 0.843537
