0 0.575758 0.825964 0.329004 0.028345
0 0.567100 0.774943 0.311688 0.028345
0 0.567100 0.718254 0.346320 0.032880
0 0.551948 0.663832 0.290043 0.035147
0 0.549784 0.606576 0.268398 0.034014
0 0.528139 0.557256 0.233766 0.035147
0 0.517316 0.509070 0.238095 0.031746
0 0.506494 0.467120 0.233766 0.031746
0 0.487013 0.426871 0.203463 0.028345
0 0.480519 0.388322 0.225108 0.030612
0 0.463203 0.350907 0.181818 0.032880
0 0.461039 0.314059 0.186147 0.024943
0 0.476190 0.280612 0.181818 0.026077
0 0.448052 0.243764 0.168831 0.027211
0 0.452381 0.209184 0.142857 0.021542
0 0.450216 0.176304 0.129870 0.023810
0 0.465368 0.144558 0.203463 0.019274
0 0.476190 0.117347 0.225108 0.017007
2 0.564935 0.476190 0.454545 0.746032
