0 0.450000 0.526681 0.300000 0.039488
0 0.445455 0.578442 0.327273 0.042689
0 0.454545 0.630203 0.327273 0.039488
0 0.452273 0.688901 0.340909 0.043757
0 0.488636 0.752935 0.368182 0.039488
0 0.440909 0.481857 0.263636 0.041622
0 0.436364 0.438634 0.254545 0.034152
0 0.438636 0.394344 0.231818 0.035219
0 0.436364 0.351654 0.263636 0.035219
0 0.438636 0.310566 0.268182 0.036286
0 0.425000 0.270011 0.259091 0.032017
0 0.415909 0.232124 0.268182 0.033084
0 0.409091 0.193703 0.281818 0.028815
0 0.397727 0.161686 0.240909 0.033084
0 0.397727 0.125934 0.250000 0.029883
0 0.402273 0.090715 0.231818 0.027748
0 0.368182 0.049093 0.209091 0.044824
2 0.470455 0.432231 0.568182 0.849520
