0 0.458515 0.601981 0.235808 0.029138
0 0.449782 0.561772 0.227074 0.034965
0 0.456332 0.523893 0.213974 0.031469
0 0.456332 0.485431 0.213974 0.026807
0 0.451965 0.451632 0.205240 0.024476
0 0.451965 0.416667 0.205240 0.031469
0 0.456332 0.386364 0.196507 0.024476
0 0.445415 0.357226 0.183406 0.024476
0 0.443231 0.326923 0.179039 0.024476
0 0.443231 0.299534 0.187773 0.030303
0 0.436681 0.265734 0.192140 0.030303
0 0.438865 0.234848 0.152838 0.022145
0 0.430131 0.206876 0.152838 0.019814
0 0.423581 0.181818 0.174672 0.023310
2 0.454148 0.393357 0.288210 0.455711
