0 0.452273 0.821238 0.468182 0.043757
0 0.506818 0.755603 0.395455 0.040555
0 0.527273 0.684098 0.354545 0.034152
0 0.550000 0.629669 0.327273 0.042689
0 0.638636 0.038420 0.204545 0.019210
0 0.647727 0.066169 0.186364 0.023479
0 0.627273 0.094984 0.209091 0.025614
0 0.627273 0.128602 0.227273 0.028815
0 0.609091 0.163287 0.236364 0.029883
0 0.606818 0.198506 0.213636 0.027748
0 0.593182 0.234792 0.240909 0.032017
0 0.581818 0.274813 0.245455 0.033084
0 0.575000 0.314301 0.222727 0.033084
0 0.568182 0.353255 0.218182 0.034152
0 0.559091 0.393276 0.236364 0.030950
0 0.550000 0.438100 0.218182 0.037353
0 0.554545 0.481323 0.245455 0.034152
0 0.554545 0.527215 0.245455 0.038420
0 0.545455 0.580043 0.336364 0.037353
2 0.493182 0.443970 0.759091 0.851654
