0 0.517787 0.778164 0.213439 0.051460
0 0.509881 0.714186 0.205534 0.048679
0 0.488142 0.657858 0.162055 0.038943
0 0.507905 0.610570 0.162055 0.041725
0 0.513834 0.561892 0.166008 0.041725
0 0.521739 0.514604 0.158103 0.041725
0 0.529644 0.469402 0.158103 0.034771
0 0.527668 0.427677 0.130435 0.031989
0 0.537549 0.390821 0.142292 0.033380
0 0.531621 0.347705 0.146245 0.030598
0 0.533597 0.310153 0.118577 0.038943
0 0.527668 0.269819 0.138340 0.030598
0 0.539526 0.230876 0.122530 0.027816
0 0.543478 0.200974 0.130435 0.023644
0 0.535573 0.166898 0.114625 0.025035
0 0.539526 0.132128 0.146245 0.022253
0 0.547431 0.100834 0.122530 0.023644
2 0.521739 0.443672 0.284585 0.748261
