0 0.523715 0.778164 0.225296 0.048679
0 0.519763 0.716968 0.193676 0.040334
0 0.517787 0.663421 0.181818 0.033380
0 0.511858 0.611961 0.185771 0.038943
0 0.515810 0.569541 0.162055 0.034771
0 0.511858 0.514604 0.169960 0.044506
0 0.527668 0.468011 0.146245 0.031989
0 0.523715 0.429068 0.130435 0.029207
0 0.525692 0.385953 0.118577 0.029207
0 0.527668 0.347705 0.106719 0.033380
0 0.533597 0.308762 0.094862 0.030598
0 0.537549 0.271905 0.086957 0.023644
0 0.547431 0.239221 0.098814 0.030598
0 0.551383 0.201669 0.106719 0.025035
0 0.537549 0.166898 0.134387 0.025035
0 0.533597 0.132823 0.102767 0.020862
0 0.529644 0.101530 0.094862 0.022253
2 0.523715 0.447844 0.241107 0.742698
