0 0.537356 0.763343 0.270115 0.043539
0 0.534483 0.707163 0.298851 0.040730
0 0.534483 0.650983 0.275862 0.043539
0 0.525862 0.598315 0.270115 0.036517
0 0.531609 0.549157 0.247126 0.033708
0 0.543103 0.505618 0.224138 0.036517
0 0.551724 0.465590 0.206897 0.029494
0 0.554598 0.344803 0.189655 0.032303
0 0.571839 0.386236 0.189655 0.036517
0 0.563218 0.428371 0.172414 0.033708
0 0.560345 0.313904 0.143678 0.026685
0 0.551724 0.282303 0.126437 0.022472
0 0.548851 0.252809 0.120690 0.022472
0 0.580460 0.224017 0.137931 0.015449
0 0.577586 0.197331 0.132184 0.026685
0 0.600575 0.165730 0.155172 0.014045
0 0.606322 0.138343 0.143678 0.012640
2 0.511494 0.456461 0.402299 0.679775
