0 0.514368 0.596910 0.270115 0.036517
0 0.517241 0.647472 0.287356 0.039326
0 0.528736 0.707865 0.310345 0.042135
0 0.540230 0.759129 0.321839 0.032303
0 0.525862 0.549157 0.224138 0.036517
0 0.540230 0.505618 0.218391 0.030899
0 0.554598 0.465590 0.189655 0.032303
0 0.554598 0.422051 0.189655 0.032303
0 0.548851 0.381320 0.166667 0.029494
0 0.557471 0.344101 0.172414 0.030899
0 0.571839 0.200140 0.166667 0.023876
0 0.571839 0.232444 0.143678 0.029494
0 0.571839 0.273174 0.166667 0.029494
0 0.571839 0.309691 0.166667 0.029494
0 0.574713 0.169944 0.149425 0.025281
0 0.583333 0.143258 0.143678 0.022472
0 0.589080 0.119382 0.120690 0.016854
2 0.534483 0.437500 0.482759 0.706461
