0 0.591954 0.117978 0.160920 0.019663
0 0.586207 0.143961 0.137931 0.021067
0 0.577586 0.169944 0.132184 0.019663
0 0.568966 0.202949 0.114943 0.023876
0 0.563218 0.233848 0.137931 0.021067
0 0.560345 0.268961 0.132184 0.029494
0 0.571839 0.307584 0.132184 0.030899
0 0.551724 0.344803 0.172414 0.026685
0 0.548851 0.377809 0.178161 0.028090
0 0.548851 0.419242 0.178161 0.037921
0 0.551724 0.464888 0.172414 0.036517
0 0.525862 0.507022 0.212644 0.036517
0 0.528736 0.550562 0.218391 0.036517
0 0.525862 0.596208 0.235632 0.037921
0 0.522989 0.648174 0.264368 0.040730
0 0.531609 0.711376 0.281609 0.046348
0 0.522989 0.765449 0.275862 0.042135
2 0.537356 0.452949 0.534483 0.745787
