0 0.408046 0.117978 0.160920 0.019663
0 0.413793 0.143961 0.137931 0.021067
0 0.422414 0.169944 0.132184 0.019663
0 0.431034 0.202949 0.114943 0.023876
0 0.436782 0.233848 0.137931 0.021067
0 0.439655 0.268961 0.132184 0.029494
0 0.428161 0.307584 0.132184 0.030899
0 0.448276 0.344803 0.172414 0.026685
0 0.451149 0.377809 0.178161 0.028090
0 0.451149 0.419242 0.178161 0.037921
0 0.448276 0.464888 0.172414 0.036517
0 0.474138 0.507022 0.212644 0.036517
0 0.471264 0.550562 0.218391 0.036517
0 0.474138 0.596208 0.235632 0.037921
0 0.477011 0.648174 0.264368 0.040730
0 0.468391 0.711376 0.281609 0.046348
0 0.477011 0.765449 0.275862 0.042135
2 0.462644 0.452949 0.534483 0.745787
