0 0.505618 0.775526 0.303371 0.046547
0 0.505618 0.715465 0.269663 0.040541
0 0.500000 0.655405 0.269663 0.040541
0 0.516854 0.603604 0.235955 0.042042
0 0.511236 0.550300 0.213483 0.034535
0 0.528090 0.507508 0.247191 0.033033
0 0.539326 0.468468 0.202247 0.033033
0 0.561798 0.431682 0.179775 0.028529
0 0.558989 0.394144 0.151685 0.031532
0 0.556180 0.351351 0.168539 0.033033
0 0.561798 0.312312 0.134831 0.033033
0 0.567416 0.277027 0.146067 0.019520
0 0.558989 0.240240 0.140449 0.021021
0 0.556180 0.207958 0.146067 0.028529
0 0.547753 0.174174 0.117978 0.024024
0 0.544944 0.144144 0.134831 0.024024
0 0.536517 0.115616 0.151685 0.021021
0 0.536517 0.090090 0.140449 0.021021
2 0.494382 0.437688 0.370787 0.740240
