0 0.494382 0.775526 0.303371 0.046547
0 0.494382 0.715465 0.269663 0.040541
0 0.500000 0.655405 0.269663 0.040541
0 0.483146 0.603604 0.235955 0.042042
0 0.488764 0.550300 0.213483 0.034535
0 0.471910 0.507508 0.247191 0.033033
0 0.466292 0.468468 0.202247 0.033033
0 0.443820 0.431682 0.179775 0.028529
0 0.443820 0.394144 0.157303 0.031532
0 0.443820 0.351351 0.168539 0.033033
0 0.441011 0.312312 0.140449 0.033033
0 0.432584 0.277027 0.146067 0.019520
0 0.446629 0.240240 0.140449 0.021021
0 0.446629 0.207958 0.151685 0.028529
0 0.452247 0.174174 0.117978 0.024024
0 0.455056 0.144144 0.134831 0.024024
0 0.463483 0.115616 0.151685 0.021021
0 0.466292 0.090090 0.146067 0.021021
2 0.508427 0.437688 0.365169 0.740240
