0 0.516854 0.508258 0.213483 0.034535
0 0.525281 0.554805 0.219101 0.040541
0 0.519663 0.602102 0.230337 0.036036
0 0.519663 0.655405 0.230337 0.043544
0 0.516854 0.710961 0.258427 0.046547
0 0.500000 0.769520 0.269663 0.043544
0 0.536517 0.469970 0.174157 0.033033
0 0.553371 0.431682 0.185393 0.031532
0 0.530899 0.117117 0.106742 0.018018
0 0.533708 0.145646 0.112360 0.021021
0 0.539326 0.174174 0.123596 0.024024
0 0.542135 0.207207 0.140449 0.021021
0 0.547753 0.237237 0.129213 0.027027
0 0.564607 0.278529 0.140449 0.028529
0 0.567416 0.314565 0.146067 0.031532
0 0.567416 0.348348 0.146067 0.027027
0 0.561798 0.385886 0.134831 0.033033
0 0.528090 0.090841 0.112360 0.019520
1 0.514045 0.454204 0.657303 0.797297
