0 0.585366 0.108234 0.276423 0.022576
0 0.573171 0.144090 0.203252 0.025232
0 0.560976 0.175299 0.227642 0.021248
0 0.536585 0.205179 0.243902 0.025232
0 0.540650 0.241700 0.284553 0.029216
0 0.532520 0.276228 0.284553 0.031873
0 0.536585 0.311421 0.292683 0.025232
0 0.520325 0.349270 0.341463 0.026560
0 0.500000 0.387118 0.365854 0.033201
0 0.483740 0.433599 0.349593 0.035857
0 0.500000 0.483400 0.382114 0.037185
0 0.487805 0.530544 0.406504 0.035857
0 0.491870 0.580345 0.495935 0.047809
0 0.483740 0.639442 0.495935 0.035857
0 0.459350 0.690571 0.463415 0.039841
0 0.451220 0.744356 0.560976 0.038513
2 0.491870 0.431607 0.739837 0.717131
