0 0.528455 0.482072 0.422764 0.031873
0 0.536585 0.530544 0.422764 0.033201
0 0.536585 0.581673 0.487805 0.042497
0 0.544715 0.637450 0.455285 0.042497
0 0.569106 0.692563 0.504065 0.043825
0 0.589431 0.748340 0.512195 0.043825
0 0.524390 0.434927 0.398374 0.035857
0 0.508130 0.388446 0.349593 0.033201
0 0.475610 0.349270 0.317073 0.029216
0 0.463415 0.312085 0.292683 0.026560
0 0.455285 0.276228 0.292683 0.023904
0 0.467480 0.239044 0.268293 0.026560
0 0.475610 0.203187 0.268293 0.029216
0 0.447154 0.164011 0.276423 0.025232
0 0.434959 0.130810 0.284553 0.025232
2 0.577236 0.444223 0.617886 0.713147
