0 0.465986 0.873065 0.374150 0.055728
0 0.469388 0.801084 0.340136 0.057276
0 0.482993 0.737616 0.312925 0.038700
0 0.500000 0.681115 0.333333 0.037152
0 0.486395 0.626161 0.346939 0.044892
0 0.500000 0.575077 0.292517 0.041796
0 0.510204 0.526316 0.272109 0.037152
0 0.506803 0.476006 0.278912 0.038700
0 0.527211 0.430341 0.292517 0.040248
0 0.537415 0.386997 0.272109 0.027864
0 0.534014 0.345975 0.265306 0.038700
0 0.530612 0.304954 0.244898 0.027864
0 0.544218 0.266254 0.217687 0.034056
0 0.551020 0.224458 0.204082 0.027864
0 0.571429 0.185759 0.190476 0.034056
0 0.571429 0.147833 0.217687 0.029412
0 0.578231 0.112229 0.231293 0.023220
2 0.455782 0.498452 0.448980 0.829721
