0 0.472789 0.876161 0.387755 0.061920
0 0.493197 0.801858 0.360544 0.052632
0 0.472789 0.736842 0.360544 0.046440
0 0.496599 0.679567 0.340136 0.037152
0 0.482993 0.623065 0.299320 0.038700
0 0.503401 0.572755 0.285714 0.037152
0 0.493197 0.523994 0.265306 0.038700
0 0.503401 0.477554 0.285714 0.032508
0 0.506803 0.431115 0.265306 0.038700
0 0.527211 0.386997 0.251701 0.037152
0 0.537415 0.344427 0.231293 0.035604
0 0.544218 0.302632 0.244898 0.032508
0 0.544218 0.262384 0.204082 0.035604
0 0.551020 0.221362 0.190476 0.034056
0 0.557823 0.179567 0.190476 0.024768
0 0.571429 0.147059 0.204082 0.027864
0 0.564626 0.110681 0.204082 0.023220
2 0.476190 0.500774 0.435374 0.837461
