0 0.422078 0.849176 0.402597 0.045627
0 0.392857 0.783904 0.409091 0.049430
0 0.386364 0.719899 0.370130 0.050697
0 0.389610 0.661597 0.402597 0.040558
0 0.376623 0.614068 0.311688 0.041825
0 0.383117 0.564639 0.285714 0.039290
0 0.425325 0.516477 0.266234 0.039290
0 0.422078 0.470215 0.272727 0.038023
0 0.431818 0.425856 0.253247 0.038023
0 0.451299 0.384664 0.253247 0.031686
0 0.457792 0.346008 0.253247 0.032953
0 0.457792 0.307985 0.266234 0.027883
0 0.454545 0.278834 0.233766 0.022814
0 0.425325 0.138783 0.214286 0.011407
0 0.441558 0.166033 0.220779 0.022814
0 0.438312 0.199620 0.214286 0.029151
0 0.441558 0.242712 0.259740 0.036755
0 0.418831 0.115970 0.227273 0.019011
2 0.412338 0.487326 0.500000 0.797212
