0 0.441558 0.913181 0.467532 0.049430
0 0.444805 0.853612 0.461039 0.054499
0 0.409091 0.781369 0.415584 0.051965
0 0.379870 0.721166 0.396104 0.045627
0 0.389610 0.659696 0.363636 0.039290
0 0.379870 0.611534 0.331169 0.046895
0 0.383117 0.562104 0.285714 0.034221
0 0.412338 0.516477 0.240260 0.039290
0 0.425325 0.470849 0.240260 0.041825
0 0.428571 0.424588 0.246753 0.038023
0 0.435065 0.382763 0.259740 0.035488
0 0.457792 0.343473 0.279221 0.032953
0 0.461039 0.308619 0.259740 0.026616
0 0.454545 0.278200 0.220779 0.024081
0 0.467532 0.235741 0.207792 0.025349
0 0.441558 0.198986 0.207792 0.027883
0 0.435065 0.165399 0.233766 0.016477
0 0.438312 0.137516 0.214286 0.016477
2 0.431818 0.521546 0.538961 0.842839
