0 0.410891 0.764706 0.287129 0.044818
0 0.415842 0.696779 0.267327 0.049020
0 0.433168 0.641457 0.252475 0.047619
0 0.452970 0.589636 0.242574 0.044818
0 0.472772 0.543417 0.252475 0.042017
0 0.475248 0.495098 0.247525 0.049020
0 0.485149 0.448880 0.198020 0.037815
0 0.480198 0.407563 0.198020 0.036415
0 0.492574 0.367647 0.183168 0.032213
0 0.485149 0.330532 0.178218 0.039216
0 0.482673 0.289216 0.173267 0.026611
0 0.475248 0.249300 0.158416 0.036415
0 0.450495 0.211485 0.158416 0.030812
0 0.443069 0.175070 0.173267 0.030812
0 0.428218 0.139356 0.173267 0.026611
0 0.410891 0.110644 0.168317 0.022409
0 0.403465 0.083333 0.143564 0.021008
0 0.396040 0.053922 0.178218 0.023810
0 0.408416 0.410364 0.331683 0.770308
