0 0.589109 0.764706 0.287129 0.044818
0 0.584158 0.696779 0.267327 0.049020
0 0.566832 0.641457 0.252475 0.047619
0 0.547030 0.589636 0.242574 0.044818
0 0.527228 0.543417 0.252475 0.042017
0 0.524752 0.495098 0.247525 0.049020
0 0.514851 0.448880 0.198020 0.037815
0 0.519802 0.407563 0.198020 0.036415
0 0.507426 0.367647 0.183168 0.032213
0 0.514851 0.330532 0.178218 0.039216
0 0.517327 0.289216 0.173267 0.026611
0 0.524752 0.249300 0.158416 0.036415
0 0.549505 0.211485 0.158416 0.030812
0 0.556931 0.175070 0.173267 0.030812
0 0.571782 0.139356 0.173267 0.026611
0 0.589109 0.110644 0.168317 0.022409
0 0.596535 0.083333 0.143564 0.021008
0 0.603960 0.053922 0.178218 0.023810
0 0.591584 0.410364 0.331683 0.770308
