0 0.425743 0.765406 0.277228 0.043417
0 0.423267 0.696779 0.252475 0.046218
0 0.430693 0.643557 0.247525 0.049020
0 0.450495 0.591036 0.247525 0.044818
0 0.467822 0.546218 0.252475 0.039216
0 0.475248 0.492997 0.207921 0.053221
0 0.383663 0.026611 0.123762 0.019608
0 0.381188 0.053221 0.118812 0.016807
0 0.388614 0.081933 0.123762 0.018207
0 0.398515 0.112045 0.143564 0.019608
0 0.423267 0.142157 0.163366 0.021008
0 0.450495 0.172269 0.178218 0.022409
0 0.448020 0.204482 0.153465 0.028011
0 0.477723 0.242997 0.212871 0.032213
0 0.477723 0.284314 0.212871 0.030812
0 0.485149 0.325630 0.198020 0.032213
0 0.492574 0.365546 0.202970 0.033613
0 0.487624 0.404062 0.202970 0.035014
0 0.497525 0.444678 0.202970 0.037815
2 0.433168 0.400560 0.351485 0.787115
