0 0.478947 0.574294 0.252632 0.040119
0 0.481579 0.625557 0.236842 0.041605
0 0.481579 0.683507 0.236842 0.044577
0 0.476316 0.751114 0.289474 0.049034
0 0.471053 0.812036 0.289474 0.057949
0 0.492105 0.531204 0.247368 0.046062
0 0.513158 0.485141 0.226316 0.043091
0 0.531579 0.404903 0.210526 0.040119
0 0.526316 0.440565 0.221053 0.037147
0 0.536842 0.366270 0.200000 0.037147
0 0.552632 0.327637 0.189474 0.034175
0 0.586842 0.153046 0.184211 0.023774
0 0.594737 0.181278 0.189474 0.023774
0 0.555263 0.287519 0.163158 0.034175
0 0.571053 0.249629 0.194737 0.032689
0 0.584211 0.211738 0.189474 0.028232
0 0.594737 0.121842 0.168421 0.023774
0 0.605263 0.097325 0.178947 0.022288
1 0.513158 0.461367 0.531579 0.803863
