0 0.613158 0.124071 0.173684 0.022288
0 0.613158 0.149331 0.173684 0.019316
0 0.618421 0.178306 0.152632 0.020802
0 0.613158 0.208767 0.163158 0.022288
0 0.602632 0.248143 0.173684 0.032689
0 0.571053 0.288262 0.131579 0.032689
0 0.565789 0.327637 0.173684 0.034175
0 0.552632 0.367013 0.200000 0.032689
0 0.547368 0.407132 0.200000 0.029718
0 0.536842 0.445022 0.221053 0.028232
0 0.528947 0.485141 0.236842 0.034175
0 0.494737 0.530461 0.231579 0.029718
0 0.484211 0.570579 0.210526 0.035661
0 0.481579 0.625557 0.205263 0.041605
0 0.484211 0.682764 0.242105 0.043091
0 0.481579 0.746657 0.226316 0.052006
0 0.471053 0.811293 0.236842 0.053492
2 0.542105 0.476969 0.652632 0.778603
