0 0.397106 0.839332 0.215434 0.046272
0 0.392283 0.780848 0.199357 0.044987
0 0.384244 0.728149 0.209003 0.042416
0 0.376206 0.669023 0.180064 0.039846
0 0.369775 0.613753 0.192926 0.044987
0 0.368167 0.559769 0.183280 0.044987
0 0.368167 0.510283 0.170418 0.035990
0 0.368167 0.469794 0.157556 0.037275
0 0.361736 0.428021 0.151125 0.033419
0 0.356913 0.386889 0.141479 0.030848
0 0.347267 0.347044 0.128617 0.030848
0 0.342444 0.308483 0.125402 0.028278
0 0.345659 0.276350 0.125402 0.028278
0 0.347267 0.240360 0.122186 0.033419
0 0.344051 0.203085 0.115756 0.033419
0 0.332797 0.167095 0.112540 0.028278
0 0.336013 0.136889 0.099678 0.024422
0 0.329582 0.108612 0.106109 0.024422
0 0.324759 0.079049 0.115756 0.026992
2 0.379421 0.455013 0.289389 0.825193
