0 0.414013 0.706951 0.305732 0.036335
0 0.452229 0.653239 0.292994 0.033175
0 0.468153 0.597946 0.286624 0.030016
0 0.471338 0.548973 0.305732 0.020537
0 0.477707 0.504739 0.229299 0.033175
0 0.496815 0.465245 0.229299 0.030016
0 0.500000 0.426540 0.210191 0.034755
0 0.503185 0.387836 0.191083 0.023697
0 0.512739 0.353081 0.210191 0.026856
0 0.496815 0.318325 0.203822 0.023697
0 0.512739 0.281991 0.197452 0.030016
0 0.503185 0.247235 0.191083 0.026856
0 0.496815 0.214850 0.165605 0.028436
0 0.487261 0.179305 0.171975 0.030016
0 0.484076 0.140600 0.178344 0.022117
0 0.477707 0.108215 0.191083 0.020537
0 0.471338 0.082148 0.178344 0.018957
2 0.442675 0.402054 0.592357 0.684044
