0 0.609325 0.781491 0.215434 0.048843
0 0.607717 0.839332 0.231511 0.041131
0 0.610932 0.723650 0.199357 0.030848
0 0.614148 0.665810 0.186495 0.038560
0 0.618971 0.610540 0.183280 0.035990
0 0.635048 0.559126 0.176849 0.035990
0 0.627010 0.464653 0.160772 0.034704
0 0.623794 0.510925 0.167203 0.034704
0 0.630225 0.424807 0.167203 0.032134
0 0.636656 0.387532 0.167203 0.032134
0 0.649518 0.345758 0.128617 0.020566
0 0.646302 0.309126 0.135048 0.019280
0 0.654341 0.275707 0.125402 0.021851
0 0.652733 0.246787 0.122186 0.023136
0 0.652733 0.216581 0.115756 0.021851
0 0.655949 0.175450 0.122186 0.026992
0 0.663987 0.140103 0.118971 0.025707
0 0.665595 0.109897 0.096463 0.021851
0 0.670418 0.078406 0.125402 0.023136
0 0.683280 0.048843 0.106109 0.023136
2 0.630225 0.458226 0.379421 0.857326
