0 0.602894 0.839332 0.215434 0.046272
0 0.607717 0.780848 0.199357 0.044987
0 0.615756 0.728149 0.209003 0.042416
0 0.623794 0.669023 0.180064 0.039846
0 0.630225 0.613753 0.192926 0.044987
0 0.631833 0.559769 0.183280 0.044987
0 0.631833 0.510283 0.170418 0.035990
0 0.631833 0.469794 0.157556 0.037275
0 0.638264 0.428021 0.151125 0.033419
0 0.643087 0.386889 0.141479 0.030848
0 0.652733 0.347044 0.128617 0.030848
0 0.657556 0.308483 0.125402 0.028278
0 0.654341 0.276350 0.125402 0.028278
0 0.652733 0.240360 0.122186 0.033419
0 0.655949 0.203085 0.115756 0.033419
0 0.667203 0.167095 0.112540 0.028278
0 0.663987 0.136889 0.099678 0.024422
0 0.670418 0.108612 0.106109 0.024422
0 0.675241 0.079049 0.115756 0.026992
2 0.620579 0.455013 0.289389 0.825193
