0 0.582803 0.708531 0.363057 0.045814
0 0.570064 0.652449 0.312102 0.034755
0 0.522293 0.600316 0.305732 0.037915
0 0.509554 0.548183 0.305732 0.028436
0 0.515924 0.510269 0.280255 0.037915
0 0.500000 0.466035 0.261146 0.034755
0 0.493631 0.421011 0.210191 0.030016
0 0.484076 0.387046 0.216561 0.025276
0 0.480892 0.353870 0.210191 0.028436
0 0.471338 0.321485 0.216561 0.030016
0 0.474522 0.282780 0.210191 0.031596
0 0.493631 0.247235 0.197452 0.026856
0 0.503185 0.214060 0.152866 0.030016
0 0.509554 0.176145 0.165605 0.033175
0 0.512739 0.139810 0.159236 0.023697
0 0.509554 0.109005 0.152866 0.022117
0 0.519108 0.078199 0.146497 0.023697
2 0.538217 0.399684 0.464968 0.679305
