0 0.560773 0.741643 0.303867 0.045961
0 0.558011 0.808496 0.320442 0.051532
0 0.566298 0.684540 0.281768 0.034819
0 0.563536 0.635794 0.254144 0.043175
0 0.563536 0.589136 0.265193 0.038997
0 0.558011 0.541783 0.243094 0.041783
0 0.549724 0.494429 0.237569 0.038997
0 0.535912 0.449164 0.187845 0.032033
0 0.544199 0.408774 0.160221 0.032033
0 0.530387 0.369777 0.154696 0.037604
0 0.524862 0.331476 0.165746 0.030641
0 0.516575 0.292479 0.171271 0.030641
0 0.513812 0.256267 0.176796 0.027855
0 0.494475 0.219359 0.138122 0.026462
0 0.516575 0.181755 0.160221 0.020891
0 0.519337 0.151114 0.165746 0.020891
0 0.519337 0.121170 0.132597 0.022284
0 0.530387 0.094011 0.143646 0.015320
0 0.511050 0.067549 0.149171 0.020891
2 0.566298 0.438719 0.381215 0.816156
