0 0.433702 0.806407 0.314917 0.055710
0 0.425414 0.744429 0.309392 0.045961
0 0.430939 0.685933 0.276243 0.045961
0 0.430939 0.633705 0.287293 0.041783
0 0.439227 0.587047 0.270718 0.040390
0 0.450276 0.537604 0.248619 0.041783
0 0.453039 0.493733 0.232044 0.034819
0 0.453039 0.449861 0.187845 0.038997
0 0.461326 0.407382 0.182320 0.032033
0 0.469613 0.369777 0.165746 0.034819
0 0.466851 0.332173 0.182320 0.032033
0 0.472376 0.293175 0.182320 0.034819
0 0.480663 0.256964 0.165746 0.029248
0 0.491713 0.222145 0.143646 0.034819
0 0.494475 0.185237 0.138122 0.027855
0 0.486188 0.153900 0.165746 0.026462
0 0.486188 0.123259 0.154696 0.023677
0 0.488950 0.095404 0.171271 0.023677
0 0.486188 0.066852 0.176796 0.025070
2 0.430939 0.442201 0.364641 0.798050
