2 0.450276 0.490251 0.458564 0.972145
0 0.439227 0.532730 0.237569 0.037604
0 0.433702 0.630919 0.259669 0.041783
0 0.428177 0.687326 0.259669 0.040390
0 0.433702 0.740251 0.270718 0.045961
0 0.441989 0.584958 0.232044 0.038997
0 0.444751 0.490947 0.193370 0.037604
0 0.447514 0.447075 0.187845 0.033426
0 0.458564 0.407382 0.176796 0.032033
0 0.461326 0.370474 0.160221 0.033426
0 0.464088 0.330780 0.165746 0.032033
0 0.475138 0.291086 0.143646 0.036212
0 0.511050 0.213092 0.160221 0.027855
0 0.477901 0.247911 0.160221 0.027855
0 0.494475 0.150418 0.160221 0.025070
0 0.494475 0.181755 0.149171 0.018106
0 0.494475 0.118384 0.171271 0.025070
0 0.428177 0.803621 0.281768 0.047354
0 0.500000 0.093315 0.149171 0.019499
