0 0.439227 0.741643 0.303867 0.045961
0 0.441989 0.808496 0.320442 0.051532
0 0.433702 0.684540 0.281768 0.034819
0 0.436464 0.635794 0.254144 0.043175
0 0.436464 0.589136 0.265193 0.038997
0 0.441989 0.541783 0.243094 0.041783
0 0.450276 0.494429 0.237569 0.038997
0 0.464088 0.449164 0.187845 0.032033
0 0.455801 0.408774 0.160221 0.032033
0 0.469613 0.369777 0.154696 0.037604
0 0.475138 0.331476 0.165746 0.030641
0 0.483425 0.292479 0.171271 0.030641
0 0.486188 0.256267 0.176796 0.027855
0 0.505525 0.219359 0.138122 0.026462
0 0.483425 0.181755 0.160221 0.020891
0 0.480663 0.151114 0.165746 0.020891
0 0.480663 0.121170 0.132597 0.022284
0 0.469613 0.094011 0.143646 0.015320
0 0.488950 0.067549 0.149171 0.020891
2 0.433702 0.438719 0.381215 0.816156
