0 0.444444 0.858345 0.311111 0.047686
0 0.455556 0.799439 0.333333 0.044881
0 0.475000 0.740533 0.227778 0.047686
0 0.486111 0.685133 0.261111 0.040673
0 0.486111 0.632539 0.272222 0.039271
0 0.458333 0.584151 0.261111 0.032258
0 0.469444 0.538569 0.238889 0.042076
0 0.477778 0.491585 0.244444 0.040673
0 0.472222 0.445302 0.188889 0.035063
0 0.480556 0.401122 0.194444 0.033661
0 0.466667 0.363254 0.166667 0.028050
0 0.452778 0.324684 0.172222 0.032258
0 0.461111 0.286115 0.166667 0.030856
0 0.477778 0.246844 0.177778 0.042076
0 0.488889 0.204067 0.144444 0.021038
0 0.497222 0.171809 0.172222 0.021038
0 0.500000 0.141655 0.177778 0.019635
0 0.497222 0.109397 0.161111 0.016830
0 0.511111 0.085554 0.166667 0.014025
2 0.447222 0.481767 0.405556 0.834502
