0 0.448780 0.855945 0.263415 0.059451
0 0.451220 0.794207 0.278049 0.045732
0 0.456098 0.735518 0.248780 0.041159
0 0.456098 0.680640 0.239024 0.035061
0 0.429268 0.633384 0.234146 0.038110
0 0.409756 0.587652 0.204878 0.035061
0 0.414634 0.543445 0.204878 0.035061
0 0.419512 0.503049 0.195122 0.033537
0 0.429268 0.464177 0.195122 0.035061
0 0.424390 0.424543 0.195122 0.032012
0 0.434146 0.384909 0.185366 0.032012
0 0.458537 0.346799 0.175610 0.032012
0 0.475610 0.310976 0.180488 0.030488
0 0.465854 0.275915 0.160976 0.027439
0 0.456098 0.240854 0.160976 0.030488
0 0.463415 0.207317 0.165854 0.021341
0 0.460976 0.181402 0.170732 0.021341
0 0.456098 0.153201 0.170732 0.022866
0 0.453659 0.125762 0.195122 0.019817
0 0.451220 0.098323 0.180488 0.022866
0 0.463415 0.066311 0.204878 0.028963
2 0.451220 0.461128 0.307317 0.855183
