0 0.451220 0.125000 0.190244 0.024390
0 0.463415 0.155488 0.165854 0.024390
0 0.458537 0.185213 0.146341 0.019817
0 0.456098 0.213415 0.160976 0.021341
0 0.453659 0.244665 0.156098 0.022866
0 0.453659 0.282012 0.156098 0.033537
0 0.458537 0.319360 0.165854 0.028963
0 0.453659 0.350610 0.165854 0.024390
0 0.434146 0.385671 0.156098 0.033537
0 0.429268 0.426067 0.175610 0.032012
0 0.426829 0.465701 0.180488 0.032012
0 0.421951 0.505335 0.190244 0.032012
0 0.424390 0.547256 0.185366 0.030488
0 0.424390 0.586128 0.195122 0.035061
0 0.426829 0.634146 0.190244 0.036585
0 0.441463 0.685976 0.200000 0.042683
0 0.458537 0.737805 0.214634 0.045732
0 0.470732 0.796494 0.229268 0.047256
2 0.468293 0.468750 0.595122 0.769817
