0 0.584906 0.157431 0.201258 0.027708
0 0.559748 0.194584 0.213836 0.028967
0 0.531447 0.226071 0.194969 0.021411
0 0.537736 0.254408 0.245283 0.025189
0 0.512579 0.292821 0.245283 0.026448
0 0.503145 0.326196 0.238994 0.027708
0 0.493711 0.362091 0.220126 0.034005
0 0.477987 0.407431 0.251572 0.036524
0 0.477987 0.447103 0.251572 0.032746
0 0.477987 0.484887 0.251572 0.032746
0 0.496855 0.528967 0.264151 0.035264
0 0.506289 0.576196 0.283019 0.039043
0 0.550314 0.629093 0.308176 0.044081
0 0.572327 0.685139 0.301887 0.045340
0 0.578616 0.735516 0.314465 0.040302
0 0.588050 0.795340 0.308176 0.051637
2 0.556604 0.482368 0.547170 0.720403
