0 0.520958 0.813785 0.431138 0.053204
0 0.553892 0.743652 0.341317 0.045949
0 0.544910 0.683797 0.323353 0.042322
0 0.556886 0.632406 0.347305 0.038694
0 0.565868 0.585248 0.329341 0.038694
0 0.571856 0.532044 0.281437 0.036276
0 0.571856 0.485490 0.269461 0.035067
0 0.574850 0.443168 0.263473 0.027811
0 0.586826 0.394800 0.263473 0.022975
0 0.574850 0.357316 0.239521 0.020556
0 0.580838 0.314389 0.203593 0.029021
0 0.589820 0.278718 0.185629 0.025393
0 0.583832 0.241838 0.221557 0.021765
0 0.604790 0.203748 0.239521 0.020556
0 0.589820 0.166868 0.245509 0.024184
0 0.595808 0.133011 0.221557 0.021765
2 0.526946 0.478235 0.574850 0.738815
