0 0.479042 0.813785 0.431138 0.053204
0 0.446108 0.743652 0.341317 0.045949
0 0.455090 0.683797 0.323353 0.042322
0 0.443114 0.632406 0.347305 0.038694
0 0.434132 0.585248 0.329341 0.038694
0 0.428144 0.532044 0.281437 0.036276
0 0.428144 0.485490 0.269461 0.035067
0 0.425150 0.443168 0.263473 0.027811
0 0.413174 0.394800 0.263473 0.022975
0 0.425150 0.357316 0.239521 0.020556
0 0.419162 0.314389 0.203593 0.029021
0 0.410180 0.278718 0.185629 0.025393
0 0.416168 0.241838 0.221557 0.021765
0 0.395210 0.203748 0.239521 0.020556
0 0.410180 0.166868 0.245509 0.024184
0 0.404192 0.133011 0.221557 0.021765
2 0.473054 0.478235 0.574850 0.738815
