0 0.478261 0.134561 0.223602 0.025496
0 0.465839 0.167847 0.198758 0.026912
0 0.465839 0.200425 0.173913 0.024079
0 0.475155 0.236544 0.167702 0.028329
0 0.481366 0.270538 0.167702 0.028329
0 0.496894 0.307365 0.161491 0.028329
0 0.527950 0.341360 0.161491 0.031161
0 0.574534 0.380312 0.217391 0.032578
0 0.562112 0.419972 0.192547 0.029745
0 0.571429 0.461048 0.198758 0.038244
0 0.559006 0.505666 0.223602 0.033994
0 0.574534 0.554533 0.267081 0.038244
0 0.546584 0.616856 0.248447 0.041076
0 0.527950 0.669263 0.236025 0.041076
0 0.534161 0.720255 0.236025 0.043909
0 0.559006 0.787535 0.322981 0.042493
0 0.562112 0.848442 0.316770 0.053824
2 0.546584 0.497167 0.496894 0.810198
