0 0.554974 0.826982 0.335079 0.050305
0 0.534031 0.751524 0.293194 0.045732
0 0.523560 0.690549 0.303665 0.048780
0 0.523560 0.628049 0.314136 0.048780
0 0.513089 0.573933 0.272251 0.044207
0 0.518325 0.518293 0.261780 0.042683
0 0.518325 0.470274 0.282723 0.038110
0 0.515707 0.419207 0.214660 0.033537
0 0.515707 0.376524 0.204188 0.027439
0 0.502618 0.339177 0.209424 0.028963
0 0.492147 0.301067 0.209424 0.019817
0 0.507853 0.273628 0.188482 0.013720
0 0.486911 0.248476 0.188482 0.030488
0 0.481675 0.205030 0.178010 0.022866
0 0.484293 0.169970 0.172775 0.028963
0 0.489529 0.134146 0.183246 0.021341
0 0.484293 0.104421 0.183246 0.022866
0 0.479058 0.073933 0.204188 0.016768
2 0.549738 0.455793 0.408377 0.814024
