2 0.455090 0.511057 0.670659 0.894349
0 0.455090 0.461916 0.347305 0.029484
0 0.452096 0.419533 0.341317 0.033170
0 0.449102 0.503686 0.359281 0.036855
0 0.458084 0.552211 0.353293 0.035627
0 0.464072 0.603194 0.329341 0.031941
0 0.467066 0.659705 0.395210 0.036855
0 0.443114 0.718673 0.407186 0.041769
0 0.434132 0.782555 0.425150 0.039312
0 0.443114 0.847666 0.467066 0.044226
0 0.440120 0.375921 0.305389 0.027027
0 0.437126 0.335381 0.299401 0.027027
0 0.437126 0.298526 0.287425 0.027027
0 0.425150 0.257371 0.287425 0.033170
0 0.428144 0.222973 0.305389 0.028256
0 0.446108 0.184889 0.281437 0.025799
0 0.443114 0.148649 0.347305 0.036855
