2 0.544910 0.511057 0.670659 0.894349
0 0.544910 0.461916 0.347305 0.029484
0 0.547904 0.419533 0.341317 0.033170
0 0.550898 0.503686 0.359281 0.036855
0 0.541916 0.552211 0.353293 0.035627
0 0.535928 0.603194 0.329341 0.031941
0 0.532934 0.659705 0.395210 0.036855
0 0.556886 0.718673 0.407186 0.041769
0 0.565868 0.782555 0.425150 0.039312
0 0.556886 0.847666 0.467066 0.044226
0 0.559880 0.375921 0.305389 0.027027
0 0.562874 0.335381 0.299401 0.027027
0 0.562874 0.298526 0.287425 0.027027
0 0.574850 0.257371 0.287425 0.033170
0 0.571856 0.222973 0.305389 0.028256
0 0.553892 0.184889 0.281437 0.025799
0 0.556886 0.148649 0.347305 0.036855
