0 0.469512 0.432049 0.353659 0.034483
0 0.451220 0.470081 0.341463 0.033469
0 0.451220 0.508114 0.353659 0.034483
0 0.457317 0.552738 0.353659 0.034483
0 0.454268 0.595842 0.347561 0.041582
0 0.454268 0.647566 0.384146 0.039554
0 0.466463 0.696755 0.445122 0.036511
0 0.490854 0.746957 0.457317 0.039554
0 0.466463 0.395030 0.323171 0.027383
0 0.472561 0.359533 0.286585 0.027383
0 0.460366 0.325051 0.262195 0.029412
0 0.454268 0.289554 0.286585 0.023327
0 0.432927 0.256592 0.268293 0.024341
0 0.432927 0.224645 0.243902 0.029412
0 0.435976 0.190162 0.237805 0.023327
0 0.432927 0.163793 0.243902 0.017241
0 0.426829 0.136917 0.256098 0.028398
0 0.414634 0.108012 0.243902 0.017241
0 0.423780 0.079108 0.225610 0.020284
2 0.466463 0.409229 0.493902 0.721095
