0 0.453039 0.720083 0.276243 0.053645
0 0.464088 0.656809 0.265193 0.042641
0 0.455801 0.605915 0.248619 0.039890
0 0.469613 0.556396 0.254144 0.039890
0 0.469613 0.514443 0.232044 0.038514
0 0.480663 0.471802 0.220994 0.033012
0 0.483425 0.431912 0.215470 0.030261
0 0.505525 0.392022 0.215470 0.038514
0 0.502762 0.352820 0.209945 0.023384
0 0.483425 0.145805 0.193370 0.027510
0 0.480663 0.179505 0.209945 0.020633
0 0.486188 0.211829 0.209945 0.024759
0 0.491713 0.246217 0.232044 0.027510
0 0.486188 0.283356 0.220994 0.035763
0 0.497238 0.319120 0.198895 0.024759
0 0.450276 0.769601 0.281768 0.023384
2 0.461326 0.469739 0.325967 0.683631
