0 0.546961 0.720083 0.276243 0.053645
0 0.538674 0.656809 0.259669 0.042641
0 0.544199 0.605915 0.248619 0.039890
0 0.530387 0.556396 0.254144 0.039890
0 0.530387 0.514443 0.232044 0.038514
0 0.519337 0.471802 0.220994 0.033012
0 0.516575 0.431912 0.215470 0.030261
0 0.494475 0.392022 0.215470 0.038514
0 0.497238 0.352820 0.209945 0.023384
0 0.516575 0.145805 0.193370 0.027510
0 0.519337 0.179505 0.209945 0.020633
0 0.513812 0.211829 0.209945 0.024759
0 0.508287 0.246217 0.232044 0.027510
0 0.513812 0.283356 0.220994 0.035763
0 0.502762 0.319120 0.198895 0.024759
0 0.549724 0.769601 0.281768 0.023384
2 0.538674 0.469739 0.325967 0.683631
