0 0.417683 0.134888 0.298780 0.020284
0 0.429878 0.162779 0.225610 0.023327
0 0.420732 0.195740 0.231707 0.022312
0 0.426829 0.227181 0.231707 0.026369
0 0.423780 0.258621 0.225610 0.026369
0 0.429878 0.292596 0.213415 0.025355
0 0.442073 0.325051 0.250000 0.025355
0 0.469512 0.359026 0.280488 0.026369
0 0.463415 0.392495 0.292683 0.030426
0 0.463415 0.430527 0.304878 0.031440
0 0.466463 0.470081 0.310976 0.033469
0 0.457317 0.512170 0.378049 0.034483
0 0.451220 0.553245 0.365854 0.037525
0 0.457317 0.599899 0.378049 0.041582
0 0.466463 0.649087 0.445122 0.040568
0 0.487805 0.697769 0.487805 0.036511
0 0.475610 0.748986 0.463415 0.037525
2 0.496951 0.448276 0.713415 0.691684
