0 0.490476 0.855392 0.333333 0.046569
0 0.502381 0.803309 0.309524 0.042892
0 0.514286 0.738971 0.304762 0.036765
0 0.535714 0.679534 0.271429 0.035539
0 0.545238 0.629902 0.252381 0.034314
0 0.552381 0.579657 0.247619 0.029412
0 0.554762 0.539216 0.223810 0.034314
0 0.542857 0.493873 0.209524 0.034314
0 0.542857 0.454044 0.219048 0.030637
0 0.547619 0.416667 0.190476 0.034314
0 0.552381 0.376225 0.180952 0.026961
0 0.557143 0.340686 0.180952 0.024510
0 0.542857 0.310049 0.171429 0.024510
0 0.528571 0.267157 0.171429 0.029412
0 0.533333 0.232843 0.200000 0.026961
0 0.528571 0.203431 0.180952 0.022059
0 0.569048 0.170956 0.185714 0.018382
0 0.583333 0.138480 0.195238 0.022059
0 0.590476 0.109681 0.219048 0.020833
0 0.590476 0.082108 0.209524 0.024510
2 0.509524 0.471814 0.476190 0.833333
