0 0.536111 0.118759 0.172222 0.028744
0 0.541667 0.155068 0.161111 0.022693
0 0.544444 0.186082 0.144444 0.024206
0 0.550000 0.217852 0.144444 0.021180
0 0.550000 0.249622 0.144444 0.024206
0 0.566667 0.285930 0.155556 0.024206
0 0.583333 0.318457 0.155556 0.031770
0 0.575000 0.359304 0.161111 0.034796
0 0.566667 0.399395 0.188889 0.033283
0 0.575000 0.440998 0.172222 0.028744
0 0.575000 0.478820 0.172222 0.031770
0 0.594444 0.521936 0.200000 0.030257
0 0.597222 0.562784 0.216667 0.033283
0 0.602778 0.610439 0.227778 0.034796
0 0.600000 0.667171 0.233333 0.042360
0 0.586111 0.721634 0.250000 0.042360
0 0.594444 0.782148 0.233333 0.048411
2 0.555556 0.457640 0.600000 0.733737
