0 0.413889 0.517398 0.227778 0.036309
0 0.400000 0.562784 0.222222 0.036309
0 0.397222 0.614221 0.216667 0.039334
0 0.391667 0.661876 0.227778 0.037821
0 0.388889 0.717852 0.222222 0.043873
0 0.408333 0.782905 0.250000 0.052950
0 0.427778 0.354766 0.188889 0.034796
0 0.419444 0.394856 0.172222 0.030257
0 0.419444 0.432678 0.183333 0.036309
0 0.422222 0.476551 0.200000 0.030257
0 0.455556 0.154312 0.166667 0.021180
0 0.452778 0.180787 0.183333 0.022693
0 0.444444 0.211044 0.166667 0.022693
0 0.441667 0.242814 0.150000 0.031770
0 0.441667 0.277610 0.138889 0.025719
0 0.436111 0.313162 0.183333 0.033283
0 0.466667 0.103631 0.133333 0.016641
0 0.466667 0.127837 0.166667 0.019667
2 0.433333 0.441755 0.500000 0.777610
