0 0.575540 0.422323 0.244604 0.033183
0 0.568345 0.470588 0.244604 0.033183
0 0.568345 0.515837 0.230216 0.036199
0 0.564748 0.561840 0.223022 0.034691
0 0.528777 0.607089 0.251799 0.034691
0 0.528777 0.656109 0.323741 0.042232
0 0.521583 0.710407 0.294964 0.045249
0 0.517986 0.766968 0.330935 0.043741
0 0.496403 0.834842 0.359712 0.049774
0 0.579137 0.384615 0.237410 0.033183
0 0.564748 0.343137 0.223022 0.034691
0 0.557554 0.299397 0.266187 0.031674
0 0.550360 0.260935 0.237410 0.030166
0 0.557554 0.216440 0.251799 0.028658
0 0.543165 0.180241 0.251799 0.022624
0 0.539568 0.150830 0.258993 0.024133
0 0.546763 0.119910 0.244604 0.022624
0 0.517986 0.091252 0.258993 0.025641
2 0.492806 0.503771 0.510791 0.904977
0 0.510791 0.899698 0.345324 0.058824
