0 0.428058 0.422323 0.251799 0.033183
0 0.431655 0.470588 0.244604 0.033183
0 0.431655 0.515837 0.230216 0.036199
0 0.438849 0.561840 0.230216 0.034691
0 0.471223 0.607089 0.251799 0.034691
0 0.471223 0.656109 0.323741 0.042232
0 0.478417 0.710407 0.294964 0.045249
0 0.482014 0.766968 0.330935 0.043741
0 0.503597 0.834842 0.359712 0.049774
0 0.420863 0.384615 0.237410 0.033183
0 0.435252 0.343137 0.223022 0.034691
0 0.442446 0.299397 0.266187 0.031674
0 0.449640 0.260935 0.237410 0.030166
0 0.442446 0.216440 0.251799 0.028658
0 0.456835 0.180241 0.251799 0.022624
0 0.460432 0.150830 0.258993 0.024133
0 0.453237 0.119910 0.244604 0.022624
0 0.482014 0.091252 0.258993 0.025641
2 0.507194 0.503771 0.510791 0.904977
0 0.489209 0.899698 0.345324 0.058824
