0 0.430168 0.095028 0.312849 0.026519
0 0.430168 0.134254 0.312849 0.027624
0 0.444134 0.176243 0.329609 0.029834
0 0.466480 0.223757 0.340782 0.036464
0 0.472067 0.264641 0.284916 0.032044
0 0.474860 0.303315 0.324022 0.032044
0 0.497207 0.350276 0.335196 0.039779
0 0.511173 0.393370 0.318436 0.037569
0 0.505587 0.439779 0.363128 0.037569
0 0.530726 0.488398 0.379888 0.039779
0 0.533520 0.539779 0.418994 0.043094
0 0.555866 0.592818 0.430168 0.049724
0 0.553073 0.656354 0.446927 0.046409
0 0.561453 0.712155 0.441341 0.047514
0 0.564246 0.774033 0.424581 0.043094
0 0.516760 0.845856 0.463687 0.060773
2 0.505587 0.475138 0.787709 0.841989
