0 0.590385 0.825731 0.280769 0.056140
0 0.573077 0.764327 0.300000 0.043275
0 0.575000 0.695906 0.288462 0.046784
0 0.573077 0.633918 0.315385 0.046784
0 0.567308 0.578947 0.303846 0.046784
0 0.576923 0.519298 0.307692 0.037427
0 0.557692 0.467251 0.292308 0.040936
0 0.523077 0.411696 0.223077 0.035088
0 0.519231 0.362573 0.230769 0.035088
0 0.505769 0.318713 0.219231 0.033918
0 0.509615 0.272515 0.226923 0.035088
0 0.505769 0.230994 0.257692 0.033918
0 0.525000 0.186550 0.203846 0.029240
0 0.528846 0.140351 0.211538 0.030409
0 0.536538 0.100585 0.211538 0.025731
0 0.546154 0.061988 0.192308 0.023392
2 0.582692 0.460234 0.396154 0.861988
