0 0.502959 0.618529 0.272189 0.038147
0 0.520710 0.666894 0.272189 0.039510
0 0.523669 0.720708 0.313609 0.040872
0 0.520710 0.777248 0.331361 0.039510
0 0.502959 0.570845 0.260355 0.035422
0 0.502959 0.529292 0.260355 0.034060
0 0.494083 0.488420 0.218935 0.034060
0 0.488166 0.451635 0.195266 0.034060
0 0.482249 0.412125 0.195266 0.031335
0 0.482249 0.379428 0.195266 0.025886
0 0.491124 0.347411 0.177515 0.027248
0 0.497041 0.311308 0.189349 0.034060
0 0.485207 0.275204 0.153846 0.027248
0 0.491124 0.243188 0.177515 0.023161
0 0.497041 0.215259 0.189349 0.021798
0 0.500000 0.187330 0.207101 0.023161
0 0.508876 0.162807 0.213018 0.017711
0 0.505917 0.141689 0.218935 0.016349
0 0.508876 0.123978 0.213018 0.013624
2 0.517751 0.452997 0.349112 0.690736
