0 0.567114 0.788043 0.355705 0.038043
0 0.543624 0.735734 0.335570 0.050272
0 0.533557 0.677310 0.355705 0.047554
0 0.520134 0.624321 0.369128 0.042120
0 0.510067 0.569973 0.335570 0.036685
0 0.500000 0.519701 0.328859 0.039402
0 0.503356 0.476902 0.281879 0.035326
0 0.496644 0.434783 0.255034 0.035326
0 0.503356 0.394701 0.241611 0.028533
0 0.496644 0.355299 0.241611 0.031250
0 0.496644 0.319973 0.228188 0.031250
0 0.486577 0.278533 0.234899 0.027174
0 0.473154 0.243886 0.221477 0.028533
0 0.466443 0.210598 0.208054 0.027174
0 0.463087 0.178668 0.201342 0.028533
0 0.456376 0.144022 0.228188 0.027174
0 0.466443 0.114810 0.194631 0.028533
0 0.476510 0.081522 0.187919 0.021739
0 0.479866 0.057745 0.194631 0.020380
2 0.560403 0.427310 0.557047 0.802989
