0 0.432886 0.788043 0.355705 0.038043
0 0.456376 0.735734 0.335570 0.050272
0 0.473154 0.677310 0.355705 0.047554
0 0.483221 0.624321 0.362416 0.042120
0 0.493289 0.569973 0.342282 0.036685
0 0.503356 0.519701 0.322148 0.039402
0 0.500000 0.476902 0.275168 0.035326
0 0.506711 0.434783 0.248322 0.035326
0 0.500000 0.394701 0.248322 0.028533
0 0.503356 0.355299 0.241611 0.031250
0 0.510067 0.319973 0.228188 0.031250
0 0.516779 0.278533 0.228188 0.027174
0 0.533557 0.243886 0.221477 0.028533
0 0.536913 0.210598 0.214765 0.027174
0 0.540268 0.178668 0.208054 0.028533
0 0.543624 0.144022 0.228188 0.027174
0 0.536913 0.114810 0.201342 0.028533
0 0.530201 0.081522 0.187919 0.021739
0 0.523490 0.057745 0.201342 0.020380
2 0.439597 0.427310 0.557047 0.802989
