0 0.471751 0.851156 0.355932 0.052023
0 0.474576 0.783237 0.327684 0.049133
0 0.494350 0.725434 0.299435 0.043353
0 0.511299 0.074422 0.209040 0.024566
0 0.522599 0.108382 0.209040 0.028902
0 0.536723 0.140896 0.180791 0.027457
0 0.536723 0.172688 0.192090 0.024566
0 0.536723 0.205925 0.203390 0.027457
0 0.516949 0.246387 0.197740 0.030347
0 0.533898 0.287572 0.163842 0.031792
0 0.519774 0.328757 0.214689 0.033237
0 0.511299 0.369942 0.231638 0.034682
0 0.522599 0.412572 0.220339 0.036127
0 0.516949 0.456647 0.231638 0.040462
0 0.502825 0.501445 0.259887 0.034682
0 0.505650 0.552023 0.288136 0.040462
0 0.519774 0.610549 0.293785 0.047688
0 0.511299 0.671243 0.310734 0.044798
2 0.468927 0.465318 0.406780 0.852601
