0 0.531073 0.851156 0.350282 0.052023
0 0.525424 0.783237 0.327684 0.049133
0 0.508475 0.725434 0.293785 0.043353
0 0.491525 0.074422 0.214689 0.024566
0 0.480226 0.108382 0.203390 0.028902
0 0.466102 0.140896 0.186441 0.027457
0 0.463277 0.172688 0.192090 0.024566
0 0.466102 0.205925 0.197740 0.027457
0 0.485876 0.246387 0.203390 0.030347
0 0.471751 0.287572 0.163842 0.031792
0 0.485876 0.328757 0.214689 0.033237
0 0.491525 0.369942 0.237288 0.034682
0 0.483051 0.412572 0.220339 0.036127
0 0.488701 0.456647 0.231638 0.040462
0 0.502825 0.501445 0.259887 0.034682
0 0.497175 0.552023 0.293785 0.040462
0 0.485876 0.610549 0.293785 0.047688
0 0.491525 0.671243 0.316384 0.044798
2 0.533898 0.465318 0.412429 0.852601
