0 0.479032 0.754556 0.209677 0.042141
0 0.490323 0.696469 0.180645 0.039863
0 0.488710 0.648064 0.177419 0.034169
0 0.487097 0.600228 0.154839 0.034169
0 0.490323 0.552392 0.167742 0.031891
0 0.491935 0.502278 0.158065 0.036446
0 0.475806 0.457859 0.151613 0.031891
0 0.479032 0.418565 0.145161 0.030752
0 0.482258 0.380979 0.119355 0.026196
0 0.479032 0.346241 0.132258 0.022779
0 0.474194 0.310934 0.116129 0.020501
0 0.477419 0.277335 0.109677 0.023918
0 0.474194 0.242597 0.103226 0.025057
0 0.475806 0.211845 0.100000 0.022779
0 0.474194 0.183371 0.109677 0.015945
0 0.472581 0.153189 0.112903 0.019362
0 0.477419 0.124146 0.109677 0.020501
0 0.480645 0.095103 0.122581 0.017084
2 0.475806 0.435080 0.338710 0.717540
