0 0.489474 0.795608 0.131579 0.060811
0 0.459211 0.743243 0.123684 0.057432
0 0.450000 0.689189 0.110526 0.043919
0 0.444737 0.639358 0.105263 0.038851
0 0.456579 0.591216 0.107895 0.043919
0 0.461842 0.543074 0.102632 0.045608
0 0.480263 0.503378 0.102632 0.047297
0 0.492105 0.463682 0.084211 0.042230
0 0.500000 0.424831 0.084211 0.038851
0 0.506579 0.385980 0.076316 0.032095
0 0.503947 0.348818 0.076316 0.032095
0 0.502632 0.309122 0.078947 0.037162
0 0.496053 0.271115 0.076316 0.032095
0 0.492105 0.237331 0.073684 0.032095
0 0.488158 0.205236 0.081579 0.021959
0 0.490789 0.175676 0.081579 0.027027
1 0.473684 0.504223 0.215789 0.704392
