0 0.450658 0.689727 0.146930 0.046122
0 0.473684 0.636792 0.140351 0.047170
0 0.490132 0.585430 0.129386 0.042977
0 0.490132 0.531447 0.120614 0.041929
0 0.472588 0.485325 0.129386 0.048218
0 0.441886 0.446017 0.120614 0.045073
0 0.407895 0.414570 0.114035 0.042977
0 0.384868 0.380503 0.103070 0.041929
0 0.380482 0.343816 0.098684 0.031447
0 0.383772 0.308700 0.105263 0.032495
0 0.391447 0.274633 0.111842 0.033543
0 0.404605 0.243711 0.098684 0.030398
0 0.419956 0.214361 0.098684 0.030398
0 0.437500 0.185535 0.103070 0.031447
0 0.446272 0.156184 0.094298 0.027254
0 0.449561 0.126310 0.100877 0.028302
0 0.449561 0.098532 0.096491 0.020964
1 0.446272 0.394654 0.291667 0.653040
