0 0.476654 0.727689 0.143969 0.059497
0 0.521401 0.680778 0.124514 0.057208
0 0.542802 0.630435 0.097276 0.043478
0 0.533074 0.581236 0.101167 0.045767
0 0.507782 0.538902 0.112840 0.048055
0 0.478599 0.503432 0.093385 0.045767
0 0.457198 0.469108 0.097276 0.045767
0 0.433852 0.439359 0.089494 0.041190
0 0.431907 0.405034 0.085603 0.032037
0 0.431907 0.371854 0.077821 0.029748
0 0.445525 0.342105 0.081712 0.034325
0 0.459144 0.308924 0.077821 0.036613
0 0.480545 0.275744 0.073930 0.034325
0 0.492218 0.244851 0.066148 0.022883
0 0.490272 0.218535 0.070039 0.020595
0 0.494163 0.195652 0.077821 0.020595
1 0.486381 0.479405 0.249027 0.606407
