0 0.530864 0.806971 0.131687 0.048257
0 0.549383 0.750670 0.111111 0.048257
0 0.553498 0.697051 0.102881 0.042895
0 0.543210 0.648794 0.106996 0.053619
0 0.510288 0.607239 0.106996 0.056300
0 0.477366 0.564343 0.098765 0.056300
0 0.446502 0.526810 0.094650 0.050938
0 0.423868 0.489276 0.082305 0.045576
0 0.413580 0.457105 0.069959 0.029491
0 0.413580 0.419571 0.061728 0.024129
0 0.425926 0.382038 0.069959 0.034853
0 0.450617 0.347185 0.069959 0.029491
0 0.467078 0.312332 0.061728 0.024129
0 0.475309 0.277480 0.069959 0.024129
0 0.479424 0.247989 0.069959 0.024129
0 0.479424 0.214477 0.078189 0.026810
0 0.479424 0.186327 0.069959 0.024129
1 0.493827 0.504021 0.296296 0.697051
