0 0.524510 0.719724 0.117647 0.051487
0 0.509804 0.671501 0.102941 0.046410
0 0.486520 0.629442 0.098039 0.042059
0 0.468750 0.586294 0.094363 0.041334
0 0.457108 0.538796 0.088235 0.034808
0 0.463235 0.497099 0.095588 0.041334
0 0.479779 0.460116 0.089461 0.042785
0 0.500613 0.425671 0.084559 0.039159
0 0.513480 0.393401 0.068627 0.029732
0 0.523284 0.364032 0.063725 0.026106
0 0.519608 0.339014 0.071078 0.029732
0 0.496936 0.315446 0.069853 0.033358
0 0.474265 0.287165 0.066176 0.031907
1 0.506127 0.505801 0.220588 0.503988
