0 0.524441 0.705407 0.121508 0.038624
0 0.519553 0.660463 0.120112 0.035815
0 0.505587 0.619733 0.117318 0.038624
0 0.484637 0.580056 0.106145 0.037921
0 0.469972 0.543890 0.110335 0.035815
0 0.465084 0.507374 0.108939 0.033006
0 0.458799 0.472612 0.093575 0.028090
0 0.462291 0.438202 0.086592 0.032303
0 0.474860 0.406952 0.086592 0.035815
0 0.494413 0.375000 0.086592 0.036517
0 0.513268 0.344803 0.082402 0.035112
0 0.524441 0.316011 0.074022 0.026685
0 0.530028 0.284410 0.071229 0.029494
0 0.518156 0.254213 0.078212 0.029494
0 0.500698 0.228230 0.090782 0.030899
0 0.485335 0.204003 0.082402 0.024579
0 0.483240 0.181180 0.078212 0.022472
1 0.492318 0.453301 0.275140 0.614466
