0 0.486413 0.679003 0.146739 0.036254
0 0.490036 0.637085 0.143116 0.035498
0 0.509964 0.597432 0.143116 0.037764
0 0.535326 0.561934 0.135870 0.039275
0 0.546196 0.524169 0.128623 0.033233
0 0.561594 0.488671 0.115942 0.030211
0 0.561594 0.455438 0.101449 0.027190
0 0.549819 0.422961 0.110507 0.033233
0 0.528080 0.392372 0.103261 0.033988
0 0.506341 0.362915 0.096014 0.035498
0 0.488225 0.334592 0.096014 0.031722
0 0.474638 0.305891 0.083333 0.027190
0 0.458333 0.276435 0.076087 0.025680
0 0.466486 0.248489 0.085145 0.025680
0 0.487319 0.222054 0.097826 0.024169
0 0.501812 0.200529 0.101449 0.023414
0 0.501812 0.177492 0.105072 0.019637
1 0.509964 0.436556 0.266304 0.566465
