0 0.589602 0.741699 0.192478 0.058594
0 0.564159 0.685791 0.174779 0.058105
0 0.537611 0.624268 0.181416 0.060059
0 0.506084 0.575439 0.164823 0.054199
0 0.469027 0.534424 0.150442 0.051270
0 0.433075 0.484131 0.144912 0.047363
0 0.418695 0.437500 0.136062 0.041016
0 0.430310 0.390869 0.128319 0.042480
0 0.433075 0.348389 0.125000 0.037598
0 0.452987 0.313721 0.122788 0.030762
0 0.472898 0.283447 0.111726 0.032715
0 0.507190 0.251709 0.100664 0.032715
0 0.523783 0.221924 0.094027 0.026855
0 0.527102 0.189941 0.098451 0.023438
0 0.524336 0.160156 0.099558 0.022461
1 0.496681 0.459717 0.411504 0.645020
