0 0.491029 0.711914 0.144737 0.035156
0 0.492823 0.667725 0.141148 0.033691
0 0.494617 0.625977 0.132775 0.035156
0 0.489833 0.585449 0.139952 0.035156
0 0.476675 0.548340 0.127990 0.033203
0 0.470096 0.511963 0.136364 0.033691
0 0.452751 0.481689 0.118421 0.030762
0 0.453947 0.450195 0.113636 0.029297
0 0.454545 0.419434 0.112440 0.029297
0 0.468900 0.392578 0.107656 0.034180
0 0.494617 0.366455 0.111244 0.036621
0 0.517344 0.340576 0.101675 0.035645
0 0.538278 0.315918 0.100478 0.031250
0 0.550239 0.293457 0.100478 0.025391
0 0.562799 0.266602 0.101675 0.026367
0 0.565789 0.237305 0.102871 0.026367
0 0.567584 0.207764 0.111244 0.024902
0 0.572967 0.181396 0.110048 0.023926
1 0.497010 0.441162 0.300239 0.582520
