0 0.458869 0.042480 0.159383 0.027344
0 0.477506 0.086670 0.168380 0.029785
0 0.489075 0.129883 0.165810 0.029297
0 0.495501 0.175781 0.160668 0.032227
0 0.499357 0.230469 0.163239 0.042969
0 0.496787 0.282959 0.181234 0.035645
0 0.490360 0.333984 0.181234 0.038086
0 0.480077 0.389160 0.173522 0.038086
0 0.470437 0.438965 0.182519 0.043945
0 0.453728 0.495850 0.215938 0.046387
0 0.445373 0.552979 0.217224 0.043457
0 0.432519 0.616455 0.201799 0.041504
0 0.413882 0.676270 0.208226 0.041016
0 0.414524 0.734375 0.201799 0.041016
0 0.417095 0.795410 0.219794 0.044922
0 0.425450 0.847900 0.236504 0.044434
0 0.454370 0.912109 0.266067 0.053711
1 0.459512 0.483398 0.469152 0.966797
