0 0.519542 0.076660 0.112488 0.039062
0 0.544328 0.111084 0.108675 0.037598
0 0.565777 0.156006 0.105815 0.044434
0 0.555291 0.209229 0.128694 0.048340
0 0.523832 0.250244 0.128694 0.050293
0 0.467112 0.291504 0.125834 0.053711
0 0.422784 0.334961 0.134414 0.052734
0 0.379409 0.378174 0.125834 0.048340
0 0.351287 0.424316 0.124881 0.040039
0 0.346997 0.482666 0.114395 0.052246
0 0.359390 0.545898 0.139180 0.055664
0 0.400858 0.604248 0.153480 0.068848
0 0.463298 0.652832 0.162059 0.070312
0 0.534318 0.714600 0.168732 0.072754
0 0.597235 0.780762 0.178265 0.078125
0 0.642517 0.854980 0.179218 0.070312
0 0.657293 0.920654 0.182078 0.040527
1 0.499523 0.489014 0.499523 0.909668
