0 0.464169 0.051025 0.144408 0.022949
0 0.464169 0.079834 0.131379 0.024902
0 0.466341 0.111084 0.116178 0.030762
0 0.467970 0.154785 0.106406 0.036133
0 0.464169 0.208252 0.120521 0.043457
0 0.457112 0.262207 0.123779 0.037109
0 0.448426 0.310059 0.125950 0.035156
0 0.449511 0.357666 0.130293 0.045410
0 0.451140 0.409424 0.133550 0.035645
0 0.443540 0.462158 0.148751 0.040527
0 0.442454 0.520752 0.150923 0.049316
0 0.445711 0.580811 0.159609 0.040527
0 0.421824 0.640381 0.166124 0.044434
0 0.420195 0.703369 0.162866 0.048340
0 0.429425 0.770264 0.174810 0.054199
0 0.443540 0.840576 0.185668 0.063965
0 0.470141 0.915771 0.182410 0.050293
1 0.466884 0.501465 0.399566 0.963867
