0 0.498940 0.175098 0.147402 0.045678
0 0.521739 0.216110 0.135737 0.041257
0 0.554613 0.251719 0.137858 0.046660
0 0.600212 0.287328 0.127253 0.039293
0 0.634677 0.324411 0.121951 0.035855
0 0.664899 0.360511 0.120891 0.029470
0 0.680276 0.402750 0.109226 0.029470
0 0.679215 0.446218 0.117709 0.035855
0 0.663839 0.490914 0.131495 0.048625
0 0.624602 0.539293 0.137858 0.056974
0 0.566808 0.588654 0.153765 0.060413
0 0.502121 0.638998 0.162248 0.061886
0 0.442736 0.694008 0.170732 0.056974
0 0.393425 0.749754 0.165429 0.050589
0 0.362142 0.815815 0.174973 0.055010
0 0.353128 0.877210 0.190880 0.041257
0 0.476670 0.137033 0.147402 0.037328
1 0.490986 0.500982 0.572641 0.822200
