0 0.541131 0.042480 0.159383 0.027344
0 0.522494 0.086670 0.168380 0.029785
0 0.510925 0.129883 0.165810 0.029297
0 0.504499 0.175781 0.160668 0.032227
0 0.500643 0.230469 0.163239 0.042969
0 0.503213 0.282959 0.181234 0.035645
0 0.509640 0.333984 0.181234 0.038086
0 0.519923 0.389160 0.173522 0.038086
0 0.529563 0.438965 0.182519 0.043945
0 0.546272 0.495850 0.215938 0.046387
0 0.554627 0.552979 0.217224 0.043457
0 0.567481 0.616455 0.201799 0.041504
0 0.586118 0.676270 0.208226 0.041016
0 0.585476 0.734375 0.201799 0.041016
0 0.582905 0.795410 0.219794 0.044922
0 0.574550 0.847900 0.236504 0.044434
0 0.545630 0.912109 0.266067 0.053711
1 0.540488 0.483398 0.469152 0.966797
