0 0.484536 0.765717 0.134021 0.059921
0 0.513746 0.711198 0.120275 0.055010
0 0.532646 0.657171 0.099656 0.043222
0 0.531787 0.606090 0.108247 0.045187
0 0.510309 0.560904 0.109966 0.047151
0 0.485395 0.519646 0.094502 0.043222
0 0.474227 0.478389 0.085911 0.039293
0 0.474227 0.437132 0.085911 0.035363
0 0.477663 0.401277 0.092784 0.040275
0 0.498282 0.365422 0.089347 0.043222
0 0.524914 0.330059 0.097938 0.049116
0 0.550687 0.292731 0.097938 0.049116
0 0.579897 0.259823 0.087629 0.046169
0 0.594502 0.227898 0.065292 0.029470
1 0.496564 0.538310 0.408935 0.695481
