0 0.515464 0.765717 0.134021 0.059921
0 0.486254 0.711198 0.120275 0.055010
0 0.467354 0.657171 0.099656 0.043222
0 0.468213 0.606090 0.108247 0.045187
0 0.489691 0.560904 0.109966 0.047151
0 0.514605 0.519646 0.094502 0.043222
0 0.525773 0.478389 0.085911 0.039293
0 0.525773 0.437132 0.085911 0.035363
0 0.522337 0.401277 0.092784 0.040275
0 0.501718 0.365422 0.089347 0.043222
0 0.475086 0.330059 0.097938 0.049116
0 0.449313 0.292731 0.097938 0.049116
0 0.420103 0.259823 0.087629 0.046169
0 0.405498 0.227898 0.065292 0.029470
1 0.503436 0.538310 0.408935 0.695481
