0 0.493080 0.870117 0.146482 0.038086
0 0.498847 0.824951 0.125721 0.035645
0 0.486736 0.781982 0.119954 0.033691
0 0.474625 0.740234 0.134948 0.035156
0 0.461361 0.700928 0.133795 0.035645
0 0.448674 0.665283 0.113033 0.030762
0 0.448097 0.629639 0.109573 0.030762
0 0.460784 0.596680 0.104960 0.034180
0 0.480969 0.566162 0.108420 0.034668
0 0.495386 0.534424 0.104960 0.032715
0 0.501153 0.502930 0.095732 0.032227
0 0.507497 0.472656 0.083045 0.027344
0 0.509227 0.443359 0.086505 0.024414
0 0.498847 0.414307 0.084198 0.025879
0 0.488466 0.386475 0.081892 0.024902
0 0.476355 0.361572 0.083045 0.022949
0 0.474048 0.336182 0.087659 0.018066
1 0.476355 0.610840 0.237601 0.606445
