0 0.486014 0.684814 0.153846 0.031519
0 0.500000 0.646848 0.153846 0.037249
0 0.527972 0.608524 0.139860 0.035100
0 0.545455 0.570917 0.125874 0.028653
0 0.550699 0.531519 0.129371 0.028653
0 0.546329 0.493911 0.138112 0.029370
0 0.535839 0.462034 0.120629 0.034384
0 0.520105 0.430516 0.110140 0.030086
0 0.500000 0.400788 0.097902 0.030802
0 0.492133 0.371418 0.092657 0.027937
0 0.486014 0.341691 0.087413 0.024355
0 0.484266 0.314112 0.083916 0.025072
0 0.484266 0.287966 0.087413 0.030086
0 0.487762 0.257521 0.083916 0.023639
0 0.483392 0.230301 0.089161 0.020774
0 0.479895 0.208453 0.096154 0.017192
1 0.517483 0.453080 0.276224 0.526504
