0 0.556701 0.851501 0.137457 0.031596
0 0.554983 0.812796 0.120275 0.030016
0 0.554983 0.770932 0.113402 0.031596
0 0.558419 0.733017 0.127148 0.031596
0 0.558419 0.693523 0.113402 0.028436
0 0.560137 0.661137 0.109966 0.030016
0 0.560137 0.627962 0.096220 0.026856
0 0.563574 0.596367 0.096220 0.026856
0 0.561856 0.565561 0.085911 0.025276
0 0.554983 0.538705 0.085911 0.025276
0 0.544674 0.509479 0.092784 0.026856
0 0.532646 0.483412 0.082474 0.025276
0 0.520619 0.458926 0.079038 0.023697
0 0.512027 0.433649 0.075601 0.020537
0 0.506873 0.409953 0.072165 0.020537
0 0.501718 0.386256 0.075601 0.020537
1 0.532646 0.627172 0.247423 0.540284
