0 0.528703 0.656250 0.171068 0.036133
0 0.539036 0.619385 0.157290 0.032715
0 0.532721 0.579834 0.151550 0.040527
0 0.516073 0.541260 0.143513 0.040527
0 0.493685 0.506104 0.140069 0.044434
0 0.459242 0.471924 0.140069 0.044434
0 0.429392 0.440674 0.126292 0.040527
0 0.408726 0.411865 0.126292 0.037598
0 0.402985 0.378906 0.121699 0.028320
0 0.407577 0.347168 0.126292 0.028320
0 0.420207 0.319580 0.119403 0.031738
0 0.447187 0.296143 0.113662 0.032715
0 0.473594 0.269775 0.109070 0.033691
0 0.495408 0.245117 0.095293 0.029297
0 0.511481 0.218750 0.097589 0.024414
0 0.517222 0.192383 0.102181 0.021484
0 0.523536 0.169434 0.112514 0.022461
0 0.528703 0.146973 0.111366 0.020508
1 0.481630 0.409424 0.334099 0.562012
