0 0.464986 0.661765 0.162465 0.036471
0 0.464986 0.617647 0.162465 0.037647
0 0.480392 0.576471 0.154062 0.044706
0 0.511204 0.541765 0.137255 0.045882
0 0.547619 0.506471 0.142857 0.045882
0 0.578431 0.475294 0.137255 0.044706
0 0.607843 0.447059 0.134454 0.040000
0 0.623249 0.415294 0.120448 0.028235
0 0.614846 0.385294 0.114846 0.022353
0 0.603641 0.358235 0.131653 0.029412
0 0.578431 0.332941 0.131653 0.032941
0 0.550420 0.308824 0.126050 0.034118
0 0.529412 0.280000 0.128852 0.035294
0 0.514006 0.252353 0.114846 0.029412
0 0.509804 0.225882 0.112045 0.021176
0 0.508403 0.202941 0.120448 0.020000
1 0.536415 0.436471 0.327731 0.496471
