0 0.462500 0.667585 0.169444 0.033076
0 0.455556 0.635061 0.152778 0.026461
0 0.459722 0.597299 0.147222 0.036935
0 0.479167 0.559261 0.138889 0.035832
0 0.507639 0.528666 0.140278 0.038589
0 0.543056 0.495865 0.133333 0.040243
0 0.575694 0.468302 0.126389 0.034730
0 0.595139 0.441014 0.123611 0.030871
0 0.602778 0.411521 0.122222 0.027012
0 0.596528 0.382029 0.115278 0.025358
0 0.586806 0.356395 0.126389 0.030320
0 0.560417 0.335722 0.109722 0.030871
0 0.535417 0.315050 0.104167 0.031422
0 0.515972 0.292172 0.098611 0.028666
0 0.498611 0.267641 0.100000 0.023705
0 0.497222 0.243936 0.105556 0.015987
0 0.494444 0.223815 0.116667 0.016538
1 0.525694 0.455623 0.337500 0.488975
