0 0.537500 0.667585 0.169444 0.033076
0 0.544444 0.635061 0.152778 0.026461
0 0.540278 0.597299 0.147222 0.036935
0 0.520833 0.559261 0.138889 0.035832
0 0.492361 0.528666 0.140278 0.038589
0 0.456944 0.495865 0.133333 0.040243
0 0.424306 0.468302 0.126389 0.034730
0 0.404861 0.441014 0.123611 0.030871
0 0.397222 0.411521 0.122222 0.027012
0 0.403472 0.382029 0.115278 0.025358
0 0.413194 0.356395 0.126389 0.030320
0 0.439583 0.335722 0.109722 0.030871
0 0.464583 0.315050 0.104167 0.031422
0 0.484028 0.292172 0.098611 0.028666
0 0.501389 0.267641 0.100000 0.023705
0 0.502778 0.243936 0.105556 0.015987
0 0.505556 0.223815 0.116667 0.016538
1 0.474306 0.455623 0.337500 0.488975
