0 0.471297 0.656250 0.171068 0.036133
0 0.460964 0.619385 0.157290 0.032715
0 0.467279 0.579834 0.151550 0.040527
0 0.483927 0.541260 0.143513 0.040527
0 0.506315 0.506104 0.140069 0.044434
0 0.540758 0.471924 0.140069 0.044434
0 0.570608 0.440674 0.126292 0.040527
0 0.591274 0.411865 0.126292 0.037598
0 0.597015 0.378906 0.121699 0.028320
0 0.592423 0.347168 0.126292 0.028320
0 0.579793 0.319580 0.119403 0.031738
0 0.552813 0.296143 0.113662 0.032715
0 0.526406 0.269775 0.109070 0.033691
0 0.504592 0.245117 0.095293 0.029297
0 0.488519 0.218750 0.097589 0.024414
0 0.482778 0.192383 0.102181 0.021484
0 0.476464 0.169434 0.112514 0.022461
0 0.471297 0.146973 0.111366 0.020508
1 0.518370 0.409424 0.334099 0.562012
